Ad,Sku,Açıklama,Kategoriler,Marka,Etiketler,Satış Fiyatı,Alış Fiyatı,İndirimli Fiyat,Stok,Desi,Görsel URL,Metadata Başlık,Metadata Açıklaması,Slug,Tip,Barkod Listesi,Varyant Aktiflik,Stoğu tükenince satmaya devam et
G-Ceram Blocks Zirconia Discs - 12mm - White (HT),GCZD-12-WH,"G-Ceram Zirconia Discs are premium quality zirconia blanks for CAD/CAM dental restorations. 
Available in White (HT), Pre-Shaded (ST), and Multilayer (SHT) options with various thicknesses.
Perfect for crowns, bridges, and other dental prosthetics.",Labside > CAD/CAM Materials,G-Ceram,"zirconia,cad-cam,dental,disc",,,,100,,,G-Ceram Blocks Zirconia Discs - 12mm - White (HT),"G-Ceram Zirconia Discs are premium quality zirconia blanks for CAD/CAM dental restorations. 
Available in White (HT), Pre-Shaded (ST), and Multilayer (SHT) opti",gczd-12-wh,simple,GCZD-12-WH,True,False
G-Ceram Blocks Zirconia Discs - 12mm - Pre-Shaded (ST),GCZD-12-PR,"G-Ceram Zirconia Discs are premium quality zirconia blanks for CAD/CAM dental restorations. 
Available in White (HT), Pre-Shaded (ST), and Multilayer (SHT) options with various thicknesses.
Perfect for crowns, bridges, and other dental prosthetics.",Labside > CAD/CAM Materials,G-Ceram,"zirconia,cad-cam,dental,disc",,,,100,,,G-Ceram Blocks Zirconia Discs - 12mm - Pre-Shaded (ST),"G-Ceram Zirconia Discs are premium quality zirconia blanks for CAD/CAM dental restorations. 
Available in White (HT), Pre-Shaded (ST), and Multilayer (SHT) opti",gczd-12-pr,simple,GCZD-12-PR,True,False
G-Ceram Blocks Zirconia Discs - 12mm - Multilayer (SHT),GCZD-12-MU,"G-Ceram Zirconia Discs are premium quality zirconia blanks for CAD/CAM dental restorations. 
Available in White (HT), Pre-Shaded (ST), and Multilayer (SHT) options with various thicknesses.
Perfect for crowns, bridges, and other dental prosthetics.",Labside > CAD/CAM Materials,G-Ceram,"zirconia,cad-cam,dental,disc",,,,100,,,G-Ceram Blocks Zirconia Discs - 12mm - Multilayer (SHT),"G-Ceram Zirconia Discs are premium quality zirconia blanks for CAD/CAM dental restorations. 
Available in White (HT), Pre-Shaded (ST), and Multilayer (SHT) opti",gczd-12-mu,simple,GCZD-12-MU,True,False
G-Ceram Blocks Zirconia Discs - 14mm - White (HT),GCZD-14-WH,"G-Ceram Zirconia Discs are premium quality zirconia blanks for CAD/CAM dental restorations. 
Available in White (HT), Pre-Shaded (ST), and Multilayer (SHT) options with various thicknesses.
Perfect for crowns, bridges, and other dental prosthetics.",Labside > CAD/CAM Materials,G-Ceram,"zirconia,cad-cam,dental,disc",,,,100,,,G-Ceram Blocks Zirconia Discs - 14mm - White (HT),"G-Ceram Zirconia Discs are premium quality zirconia blanks for CAD/CAM dental restorations. 
Available in White (HT), Pre-Shaded (ST), and Multilayer (SHT) opti",gczd-14-wh,simple,GCZD-14-WH,True,False
G-Ceram Blocks Zirconia Discs - 14mm - Pre-Shaded (ST),GCZD-14-PR,"G-Ceram Zirconia Discs are premium quality zirconia blanks for CAD/CAM dental restorations. 
Available in White (HT), Pre-Shaded (ST), and Multilayer (SHT) options with various thicknesses.
Perfect for crowns, bridges, and other dental prosthetics.",Labside > CAD/CAM Materials,G-Ceram,"zirconia,cad-cam,dental,disc",,,,100,,,G-Ceram Blocks Zirconia Discs - 14mm - Pre-Shaded (ST),"G-Ceram Zirconia Discs are premium quality zirconia blanks for CAD/CAM dental restorations. 
Available in White (HT), Pre-Shaded (ST), and Multilayer (SHT) opti",gczd-14-pr,simple,GCZD-14-PR,True,False
G-Ceram Blocks Zirconia Discs - 14mm - Multilayer (SHT),GCZD-14-MU,"G-Ceram Zirconia Discs are premium quality zirconia blanks for CAD/CAM dental restorations. 
Available in White (HT), Pre-Shaded (ST), and Multilayer (SHT) options with various thicknesses.
Perfect for crowns, bridges, and other dental prosthetics.",Labside > CAD/CAM Materials,G-Ceram,"zirconia,cad-cam,dental,disc",,,,100,,,G-Ceram Blocks Zirconia Discs - 14mm - Multilayer (SHT),"G-Ceram Zirconia Discs are premium quality zirconia blanks for CAD/CAM dental restorations. 
Available in White (HT), Pre-Shaded (ST), and Multilayer (SHT) opti",gczd-14-mu,simple,GCZD-14-MU,True,False
G-Ceram Blocks Zirconia Discs - 16mm - White (HT),GCZD-16-WH,"G-Ceram Zirconia Discs are premium quality zirconia blanks for CAD/CAM dental restorations. 
Available in White (HT), Pre-Shaded (ST), and Multilayer (SHT) options with various thicknesses.
Perfect for crowns, bridges, and other dental prosthetics.",Labside > CAD/CAM Materials,G-Ceram,"zirconia,cad-cam,dental,disc",,,,100,,,G-Ceram Blocks Zirconia Discs - 16mm - White (HT),"G-Ceram Zirconia Discs are premium quality zirconia blanks for CAD/CAM dental restorations. 
Available in White (HT), Pre-Shaded (ST), and Multilayer (SHT) opti",gczd-16-wh,simple,GCZD-16-WH,True,False
G-Ceram Blocks Zirconia Discs - 16mm - Pre-Shaded (ST),GCZD-16-PR,"G-Ceram Zirconia Discs are premium quality zirconia blanks for CAD/CAM dental restorations. 
Available in White (HT), Pre-Shaded (ST), and Multilayer (SHT) options with various thicknesses.
Perfect for crowns, bridges, and other dental prosthetics.",Labside > CAD/CAM Materials,G-Ceram,"zirconia,cad-cam,dental,disc",,,,100,,,G-Ceram Blocks Zirconia Discs - 16mm - Pre-Shaded (ST),"G-Ceram Zirconia Discs are premium quality zirconia blanks for CAD/CAM dental restorations. 
Available in White (HT), Pre-Shaded (ST), and Multilayer (SHT) opti",gczd-16-pr,simple,GCZD-16-PR,True,False
G-Ceram Blocks Zirconia Discs - 16mm - Multilayer (SHT),GCZD-16-MU,"G-Ceram Zirconia Discs are premium quality zirconia blanks for CAD/CAM dental restorations. 
Available in White (HT), Pre-Shaded (ST), and Multilayer (SHT) options with various thicknesses.
Perfect for crowns, bridges, and other dental prosthetics.",Labside > CAD/CAM Materials,G-Ceram,"zirconia,cad-cam,dental,disc",,,,100,,,G-Ceram Blocks Zirconia Discs - 16mm - Multilayer (SHT),"G-Ceram Zirconia Discs are premium quality zirconia blanks for CAD/CAM dental restorations. 
Available in White (HT), Pre-Shaded (ST), and Multilayer (SHT) opti",gczd-16-mu,simple,GCZD-16-MU,True,False
G-Ceram Blocks Zirconia Discs - 18mm - White (HT),GCZD-18-WH,"G-Ceram Zirconia Discs are premium quality zirconia blanks for CAD/CAM dental restorations. 
Available in White (HT), Pre-Shaded (ST), and Multilayer (SHT) options with various thicknesses.
Perfect for crowns, bridges, and other dental prosthetics.",Labside > CAD/CAM Materials,G-Ceram,"zirconia,cad-cam,dental,disc",,,,100,,,G-Ceram Blocks Zirconia Discs - 18mm - White (HT),"G-Ceram Zirconia Discs are premium quality zirconia blanks for CAD/CAM dental restorations. 
Available in White (HT), Pre-Shaded (ST), and Multilayer (SHT) opti",gczd-18-wh,simple,GCZD-18-WH,True,False
G-Ceram Blocks Zirconia Discs - 18mm - Pre-Shaded (ST),GCZD-18-PR,"G-Ceram Zirconia Discs are premium quality zirconia blanks for CAD/CAM dental restorations. 
Available in White (HT), Pre-Shaded (ST), and Multilayer (SHT) options with various thicknesses.
Perfect for crowns, bridges, and other dental prosthetics.",Labside > CAD/CAM Materials,G-Ceram,"zirconia,cad-cam,dental,disc",,,,100,,,G-Ceram Blocks Zirconia Discs - 18mm - Pre-Shaded (ST),"G-Ceram Zirconia Discs are premium quality zirconia blanks for CAD/CAM dental restorations. 
Available in White (HT), Pre-Shaded (ST), and Multilayer (SHT) opti",gczd-18-pr,simple,GCZD-18-PR,True,False
G-Ceram Blocks Zirconia Discs - 18mm - Multilayer (SHT),GCZD-18-MU,"G-Ceram Zirconia Discs are premium quality zirconia blanks for CAD/CAM dental restorations. 
Available in White (HT), Pre-Shaded (ST), and Multilayer (SHT) options with various thicknesses.
Perfect for crowns, bridges, and other dental prosthetics.",Labside > CAD/CAM Materials,G-Ceram,"zirconia,cad-cam,dental,disc",,,,100,,,G-Ceram Blocks Zirconia Discs - 18mm - Multilayer (SHT),"G-Ceram Zirconia Discs are premium quality zirconia blanks for CAD/CAM dental restorations. 
Available in White (HT), Pre-Shaded (ST), and Multilayer (SHT) opti",gczd-18-mu,simple,GCZD-18-MU,True,False
G-Ceram Blocks Zirconia Discs - 20mm - White (HT),GCZD-20-WH,"G-Ceram Zirconia Discs are premium quality zirconia blanks for CAD/CAM dental restorations. 
Available in White (HT), Pre-Shaded (ST), and Multilayer (SHT) options with various thicknesses.
Perfect for crowns, bridges, and other dental prosthetics.",Labside > CAD/CAM Materials,G-Ceram,"zirconia,cad-cam,dental,disc",,,,100,,,G-Ceram Blocks Zirconia Discs - 20mm - White (HT),"G-Ceram Zirconia Discs are premium quality zirconia blanks for CAD/CAM dental restorations. 
Available in White (HT), Pre-Shaded (ST), and Multilayer (SHT) opti",gczd-20-wh,simple,GCZD-20-WH,True,False
G-Ceram Blocks Zirconia Discs - 20mm - Pre-Shaded (ST),GCZD-20-PR,"G-Ceram Zirconia Discs are premium quality zirconia blanks for CAD/CAM dental restorations. 
Available in White (HT), Pre-Shaded (ST), and Multilayer (SHT) options with various thicknesses.
Perfect for crowns, bridges, and other dental prosthetics.",Labside > CAD/CAM Materials,G-Ceram,"zirconia,cad-cam,dental,disc",,,,100,,,G-Ceram Blocks Zirconia Discs - 20mm - Pre-Shaded (ST),"G-Ceram Zirconia Discs are premium quality zirconia blanks for CAD/CAM dental restorations. 
Available in White (HT), Pre-Shaded (ST), and Multilayer (SHT) opti",gczd-20-pr,simple,GCZD-20-PR,True,False
G-Ceram Blocks Zirconia Discs - 20mm - Multilayer (SHT),GCZD-20-MU,"G-Ceram Zirconia Discs are premium quality zirconia blanks for CAD/CAM dental restorations. 
Available in White (HT), Pre-Shaded (ST), and Multilayer (SHT) options with various thicknesses.
Perfect for crowns, bridges, and other dental prosthetics.",Labside > CAD/CAM Materials,G-Ceram,"zirconia,cad-cam,dental,disc",,,,100,,,G-Ceram Blocks Zirconia Discs - 20mm - Multilayer (SHT),"G-Ceram Zirconia Discs are premium quality zirconia blanks for CAD/CAM dental restorations. 
Available in White (HT), Pre-Shaded (ST), and Multilayer (SHT) opti",gczd-20-mu,simple,GCZD-20-MU,True,False
G-Ceram Blocks Zirconia Discs - 22mm - White (HT),GCZD-22-WH,"G-Ceram Zirconia Discs are premium quality zirconia blanks for CAD/CAM dental restorations. 
Available in White (HT), Pre-Shaded (ST), and Multilayer (SHT) options with various thicknesses.
Perfect for crowns, bridges, and other dental prosthetics.",Labside > CAD/CAM Materials,G-Ceram,"zirconia,cad-cam,dental,disc",,,,100,,,G-Ceram Blocks Zirconia Discs - 22mm - White (HT),"G-Ceram Zirconia Discs are premium quality zirconia blanks for CAD/CAM dental restorations. 
Available in White (HT), Pre-Shaded (ST), and Multilayer (SHT) opti",gczd-22-wh,simple,GCZD-22-WH,True,False
G-Ceram Blocks Zirconia Discs - 22mm - Pre-Shaded (ST),GCZD-22-PR,"G-Ceram Zirconia Discs are premium quality zirconia blanks for CAD/CAM dental restorations. 
Available in White (HT), Pre-Shaded (ST), and Multilayer (SHT) options with various thicknesses.
Perfect for crowns, bridges, and other dental prosthetics.",Labside > CAD/CAM Materials,G-Ceram,"zirconia,cad-cam,dental,disc",,,,100,,,G-Ceram Blocks Zirconia Discs - 22mm - Pre-Shaded (ST),"G-Ceram Zirconia Discs are premium quality zirconia blanks for CAD/CAM dental restorations. 
Available in White (HT), Pre-Shaded (ST), and Multilayer (SHT) opti",gczd-22-pr,simple,GCZD-22-PR,True,False
G-Ceram Blocks Zirconia Discs - 22mm - Multilayer (SHT),GCZD-22-MU,"G-Ceram Zirconia Discs are premium quality zirconia blanks for CAD/CAM dental restorations. 
Available in White (HT), Pre-Shaded (ST), and Multilayer (SHT) options with various thicknesses.
Perfect for crowns, bridges, and other dental prosthetics.",Labside > CAD/CAM Materials,G-Ceram,"zirconia,cad-cam,dental,disc",,,,100,,,G-Ceram Blocks Zirconia Discs - 22mm - Multilayer (SHT),"G-Ceram Zirconia Discs are premium quality zirconia blanks for CAD/CAM dental restorations. 
Available in White (HT), Pre-Shaded (ST), and Multilayer (SHT) opti",gczd-22-mu,simple,GCZD-22-MU,True,False
G-Ceram Blocks Zirconia Discs - 25mm - White (HT),GCZD-25-WH,"G-Ceram Zirconia Discs are premium quality zirconia blanks for CAD/CAM dental restorations. 
Available in White (HT), Pre-Shaded (ST), and Multilayer (SHT) options with various thicknesses.
Perfect for crowns, bridges, and other dental prosthetics.",Labside > CAD/CAM Materials,G-Ceram,"zirconia,cad-cam,dental,disc",,,,100,,,G-Ceram Blocks Zirconia Discs - 25mm - White (HT),"G-Ceram Zirconia Discs are premium quality zirconia blanks for CAD/CAM dental restorations. 
Available in White (HT), Pre-Shaded (ST), and Multilayer (SHT) opti",gczd-25-wh,simple,GCZD-25-WH,True,False
G-Ceram Blocks Zirconia Discs - 25mm - Pre-Shaded (ST),GCZD-25-PR,"G-Ceram Zirconia Discs are premium quality zirconia blanks for CAD/CAM dental restorations. 
Available in White (HT), Pre-Shaded (ST), and Multilayer (SHT) options with various thicknesses.
Perfect for crowns, bridges, and other dental prosthetics.",Labside > CAD/CAM Materials,G-Ceram,"zirconia,cad-cam,dental,disc",,,,100,,,G-Ceram Blocks Zirconia Discs - 25mm - Pre-Shaded (ST),"G-Ceram Zirconia Discs are premium quality zirconia blanks for CAD/CAM dental restorations. 
Available in White (HT), Pre-Shaded (ST), and Multilayer (SHT) opti",gczd-25-pr,simple,GCZD-25-PR,True,False
G-Ceram Blocks Zirconia Discs - 25mm - Multilayer (SHT),GCZD-25-MU,"G-Ceram Zirconia Discs are premium quality zirconia blanks for CAD/CAM dental restorations. 
Available in White (HT), Pre-Shaded (ST), and Multilayer (SHT) options with various thicknesses.
Perfect for crowns, bridges, and other dental prosthetics.",Labside > CAD/CAM Materials,G-Ceram,"zirconia,cad-cam,dental,disc",,,,100,,,G-Ceram Blocks Zirconia Discs - 25mm - Multilayer (SHT),"G-Ceram Zirconia Discs are premium quality zirconia blanks for CAD/CAM dental restorations. 
Available in White (HT), Pre-Shaded (ST), and Multilayer (SHT) opti",gczd-25-mu,simple,GCZD-25-MU,True,False
G-Ceram Glass Ceramic Block - 8 x 8 x 15mm - A1,GB8A1,"G-Ceram Block are feldspathic monochromatic glass ceramic blanks used to produce inlays, onlays, crown and veneers with CAD/CAM systems.
G-Ceram Block Glass-ceramics are formed as a result of a controlled crystallization in the glass phase as a result of various thermal processes.
Compatible with universal and specific holder systems. Available in A1, A2, A3, A3.5, A4, B0, B1, B4, C1, C2 shades.",Labside > CAD/CAM Materials,G-Ceram,"glass-ceramic,cad-cam,dental,block,feldspar",,,,100,,,G-Ceram Glass Ceramic Block - 8 x 8 x 15mm - A1,"G-Ceram Block are feldspathic monochromatic glass ceramic blanks used to produce inlays, onlays, crown and veneers with CAD/CAM systems.
G-Ceram Block Glass-cer",gb8a1,simple,GB8A1,True,False
G-Ceram Glass Ceramic Block - 8 x 8 x 15mm - A2,GB8A2,"G-Ceram Block are feldspathic monochromatic glass ceramic blanks used to produce inlays, onlays, crown and veneers with CAD/CAM systems.
G-Ceram Block Glass-ceramics are formed as a result of a controlled crystallization in the glass phase as a result of various thermal processes.
Compatible with universal and specific holder systems. Available in A1, A2, A3, A3.5, A4, B0, B1, B4, C1, C2 shades.",Labside > CAD/CAM Materials,G-Ceram,"glass-ceramic,cad-cam,dental,block,feldspar",,,,100,,,G-Ceram Glass Ceramic Block - 8 x 8 x 15mm - A2,"G-Ceram Block are feldspathic monochromatic glass ceramic blanks used to produce inlays, onlays, crown and veneers with CAD/CAM systems.
G-Ceram Block Glass-cer",gb8a2,simple,GB8A2,True,False
G-Ceram Glass Ceramic Block - 8 x 8 x 15mm - A3,GB8A3,"G-Ceram Block are feldspathic monochromatic glass ceramic blanks used to produce inlays, onlays, crown and veneers with CAD/CAM systems.
G-Ceram Block Glass-ceramics are formed as a result of a controlled crystallization in the glass phase as a result of various thermal processes.
Compatible with universal and specific holder systems. Available in A1, A2, A3, A3.5, A4, B0, B1, B4, C1, C2 shades.",Labside > CAD/CAM Materials,G-Ceram,"glass-ceramic,cad-cam,dental,block,feldspar",,,,100,,,G-Ceram Glass Ceramic Block - 8 x 8 x 15mm - A3,"G-Ceram Block are feldspathic monochromatic glass ceramic blanks used to produce inlays, onlays, crown and veneers with CAD/CAM systems.
G-Ceram Block Glass-cer",gb8a3,simple,GB8A3,True,False
"G-Ceram Glass Ceramic Block - 8 x 8 x 15mm - A3,5","GB8A3,5","G-Ceram Block are feldspathic monochromatic glass ceramic blanks used to produce inlays, onlays, crown and veneers with CAD/CAM systems.
G-Ceram Block Glass-ceramics are formed as a result of a controlled crystallization in the glass phase as a result of various thermal processes.
Compatible with universal and specific holder systems. Available in A1, A2, A3, A3.5, A4, B0, B1, B4, C1, C2 shades.",Labside > CAD/CAM Materials,G-Ceram,"glass-ceramic,cad-cam,dental,block,feldspar",,,,100,,,"G-Ceram Glass Ceramic Block - 8 x 8 x 15mm - A3,5","G-Ceram Block are feldspathic monochromatic glass ceramic blanks used to produce inlays, onlays, crown and veneers with CAD/CAM systems.
G-Ceram Block Glass-cer","gb8a3,5",simple,"GB8A3,5",True,False
G-Ceram Glass Ceramic Block - 8 x 8 x 15mm - A4,GB8A4,"G-Ceram Block are feldspathic monochromatic glass ceramic blanks used to produce inlays, onlays, crown and veneers with CAD/CAM systems.
G-Ceram Block Glass-ceramics are formed as a result of a controlled crystallization in the glass phase as a result of various thermal processes.
Compatible with universal and specific holder systems. Available in A1, A2, A3, A3.5, A4, B0, B1, B4, C1, C2 shades.",Labside > CAD/CAM Materials,G-Ceram,"glass-ceramic,cad-cam,dental,block,feldspar",,,,100,,,G-Ceram Glass Ceramic Block - 8 x 8 x 15mm - A4,"G-Ceram Block are feldspathic monochromatic glass ceramic blanks used to produce inlays, onlays, crown and veneers with CAD/CAM systems.
G-Ceram Block Glass-cer",gb8a4,simple,GB8A4,True,False
G-Ceram Glass Ceramic Block - 8 x 8 x 15mm - B0,GB8B0,"G-Ceram Block are feldspathic monochromatic glass ceramic blanks used to produce inlays, onlays, crown and veneers with CAD/CAM systems.
G-Ceram Block Glass-ceramics are formed as a result of a controlled crystallization in the glass phase as a result of various thermal processes.
Compatible with universal and specific holder systems. Available in A1, A2, A3, A3.5, A4, B0, B1, B4, C1, C2 shades.",Labside > CAD/CAM Materials,G-Ceram,"glass-ceramic,cad-cam,dental,block,feldspar",,,,100,,,G-Ceram Glass Ceramic Block - 8 x 8 x 15mm - B0,"G-Ceram Block are feldspathic monochromatic glass ceramic blanks used to produce inlays, onlays, crown and veneers with CAD/CAM systems.
G-Ceram Block Glass-cer",gb8b0,simple,GB8B0,True,False
G-Ceram Glass Ceramic Block - 8 x 8 x 15mm - B1,GB8B1,"G-Ceram Block are feldspathic monochromatic glass ceramic blanks used to produce inlays, onlays, crown and veneers with CAD/CAM systems.
G-Ceram Block Glass-ceramics are formed as a result of a controlled crystallization in the glass phase as a result of various thermal processes.
Compatible with universal and specific holder systems. Available in A1, A2, A3, A3.5, A4, B0, B1, B4, C1, C2 shades.",Labside > CAD/CAM Materials,G-Ceram,"glass-ceramic,cad-cam,dental,block,feldspar",,,,100,,,G-Ceram Glass Ceramic Block - 8 x 8 x 15mm - B1,"G-Ceram Block are feldspathic monochromatic glass ceramic blanks used to produce inlays, onlays, crown and veneers with CAD/CAM systems.
G-Ceram Block Glass-cer",gb8b1,simple,GB8B1,True,False
G-Ceram Glass Ceramic Block - 8 x 8 x 15mm - B4,GB8B4,"G-Ceram Block are feldspathic monochromatic glass ceramic blanks used to produce inlays, onlays, crown and veneers with CAD/CAM systems.
G-Ceram Block Glass-ceramics are formed as a result of a controlled crystallization in the glass phase as a result of various thermal processes.
Compatible with universal and specific holder systems. Available in A1, A2, A3, A3.5, A4, B0, B1, B4, C1, C2 shades.",Labside > CAD/CAM Materials,G-Ceram,"glass-ceramic,cad-cam,dental,block,feldspar",,,,100,,,G-Ceram Glass Ceramic Block - 8 x 8 x 15mm - B4,"G-Ceram Block are feldspathic monochromatic glass ceramic blanks used to produce inlays, onlays, crown and veneers with CAD/CAM systems.
G-Ceram Block Glass-cer",gb8b4,simple,GB8B4,True,False
G-Ceram Glass Ceramic Block - 8 x 8 x 15mm - C1,GB8C1,"G-Ceram Block are feldspathic monochromatic glass ceramic blanks used to produce inlays, onlays, crown and veneers with CAD/CAM systems.
G-Ceram Block Glass-ceramics are formed as a result of a controlled crystallization in the glass phase as a result of various thermal processes.
Compatible with universal and specific holder systems. Available in A1, A2, A3, A3.5, A4, B0, B1, B4, C1, C2 shades.",Labside > CAD/CAM Materials,G-Ceram,"glass-ceramic,cad-cam,dental,block,feldspar",,,,100,,,G-Ceram Glass Ceramic Block - 8 x 8 x 15mm - C1,"G-Ceram Block are feldspathic monochromatic glass ceramic blanks used to produce inlays, onlays, crown and veneers with CAD/CAM systems.
G-Ceram Block Glass-cer",gb8c1,simple,GB8C1,True,False
G-Ceram Glass Ceramic Block - 8 x 8 x 15mm - C2,GB8C2,"G-Ceram Block are feldspathic monochromatic glass ceramic blanks used to produce inlays, onlays, crown and veneers with CAD/CAM systems.
G-Ceram Block Glass-ceramics are formed as a result of a controlled crystallization in the glass phase as a result of various thermal processes.
Compatible with universal and specific holder systems. Available in A1, A2, A3, A3.5, A4, B0, B1, B4, C1, C2 shades.",Labside > CAD/CAM Materials,G-Ceram,"glass-ceramic,cad-cam,dental,block,feldspar",,,,100,,,G-Ceram Glass Ceramic Block - 8 x 8 x 15mm - C2,"G-Ceram Block are feldspathic monochromatic glass ceramic blanks used to produce inlays, onlays, crown and veneers with CAD/CAM systems.
G-Ceram Block Glass-cer",gb8c2,simple,GB8C2,True,False
G-Ceram Glass Ceramic Block - 8 x 10 x 15mm - A1,GB10A1,"G-Ceram Block are feldspathic monochromatic glass ceramic blanks used to produce inlays, onlays, crown and veneers with CAD/CAM systems.
G-Ceram Block Glass-ceramics are formed as a result of a controlled crystallization in the glass phase as a result of various thermal processes.
Compatible with universal and specific holder systems. Available in A1, A2, A3, A3.5, A4, B0, B1, B4, C1, C2 shades.",Labside > CAD/CAM Materials,G-Ceram,"glass-ceramic,cad-cam,dental,block,feldspar",,,,100,,,G-Ceram Glass Ceramic Block - 8 x 10 x 15mm - A1,"G-Ceram Block are feldspathic monochromatic glass ceramic blanks used to produce inlays, onlays, crown and veneers with CAD/CAM systems.
G-Ceram Block Glass-cer",gb10a1,simple,GB10A1,True,False
G-Ceram Glass Ceramic Block - 8 x 10 x 15mm - A2,GB10A2,"G-Ceram Block are feldspathic monochromatic glass ceramic blanks used to produce inlays, onlays, crown and veneers with CAD/CAM systems.
G-Ceram Block Glass-ceramics are formed as a result of a controlled crystallization in the glass phase as a result of various thermal processes.
Compatible with universal and specific holder systems. Available in A1, A2, A3, A3.5, A4, B0, B1, B4, C1, C2 shades.",Labside > CAD/CAM Materials,G-Ceram,"glass-ceramic,cad-cam,dental,block,feldspar",,,,100,,,G-Ceram Glass Ceramic Block - 8 x 10 x 15mm - A2,"G-Ceram Block are feldspathic monochromatic glass ceramic blanks used to produce inlays, onlays, crown and veneers with CAD/CAM systems.
G-Ceram Block Glass-cer",gb10a2,simple,GB10A2,True,False
G-Ceram Glass Ceramic Block - 8 x 10 x 15mm - A3,GB10A3,"G-Ceram Block are feldspathic monochromatic glass ceramic blanks used to produce inlays, onlays, crown and veneers with CAD/CAM systems.
G-Ceram Block Glass-ceramics are formed as a result of a controlled crystallization in the glass phase as a result of various thermal processes.
Compatible with universal and specific holder systems. Available in A1, A2, A3, A3.5, A4, B0, B1, B4, C1, C2 shades.",Labside > CAD/CAM Materials,G-Ceram,"glass-ceramic,cad-cam,dental,block,feldspar",,,,100,,,G-Ceram Glass Ceramic Block - 8 x 10 x 15mm - A3,"G-Ceram Block are feldspathic monochromatic glass ceramic blanks used to produce inlays, onlays, crown and veneers with CAD/CAM systems.
G-Ceram Block Glass-cer",gb10a3,simple,GB10A3,True,False
"G-Ceram Glass Ceramic Block - 8 x 10 x 15mm - A3,5","GB10A3,5","G-Ceram Block are feldspathic monochromatic glass ceramic blanks used to produce inlays, onlays, crown and veneers with CAD/CAM systems.
G-Ceram Block Glass-ceramics are formed as a result of a controlled crystallization in the glass phase as a result of various thermal processes.
Compatible with universal and specific holder systems. Available in A1, A2, A3, A3.5, A4, B0, B1, B4, C1, C2 shades.",Labside > CAD/CAM Materials,G-Ceram,"glass-ceramic,cad-cam,dental,block,feldspar",,,,100,,,"G-Ceram Glass Ceramic Block - 8 x 10 x 15mm - A3,5","G-Ceram Block are feldspathic monochromatic glass ceramic blanks used to produce inlays, onlays, crown and veneers with CAD/CAM systems.
G-Ceram Block Glass-cer","gb10a3,5",simple,"GB10A3,5",True,False
G-Ceram Glass Ceramic Block - 8 x 10 x 15mm - A4,GB10A4,"G-Ceram Block are feldspathic monochromatic glass ceramic blanks used to produce inlays, onlays, crown and veneers with CAD/CAM systems.
G-Ceram Block Glass-ceramics are formed as a result of a controlled crystallization in the glass phase as a result of various thermal processes.
Compatible with universal and specific holder systems. Available in A1, A2, A3, A3.5, A4, B0, B1, B4, C1, C2 shades.",Labside > CAD/CAM Materials,G-Ceram,"glass-ceramic,cad-cam,dental,block,feldspar",,,,100,,,G-Ceram Glass Ceramic Block - 8 x 10 x 15mm - A4,"G-Ceram Block are feldspathic monochromatic glass ceramic blanks used to produce inlays, onlays, crown and veneers with CAD/CAM systems.
G-Ceram Block Glass-cer",gb10a4,simple,GB10A4,True,False
G-Ceram Glass Ceramic Block - 8 x 10 x 15mm - B0,GB10B0,"G-Ceram Block are feldspathic monochromatic glass ceramic blanks used to produce inlays, onlays, crown and veneers with CAD/CAM systems.
G-Ceram Block Glass-ceramics are formed as a result of a controlled crystallization in the glass phase as a result of various thermal processes.
Compatible with universal and specific holder systems. Available in A1, A2, A3, A3.5, A4, B0, B1, B4, C1, C2 shades.",Labside > CAD/CAM Materials,G-Ceram,"glass-ceramic,cad-cam,dental,block,feldspar",,,,100,,,G-Ceram Glass Ceramic Block - 8 x 10 x 15mm - B0,"G-Ceram Block are feldspathic monochromatic glass ceramic blanks used to produce inlays, onlays, crown and veneers with CAD/CAM systems.
G-Ceram Block Glass-cer",gb10b0,simple,GB10B0,True,False
G-Ceram Glass Ceramic Block - 8 x 10 x 15mm - B1,GB10B1,"G-Ceram Block are feldspathic monochromatic glass ceramic blanks used to produce inlays, onlays, crown and veneers with CAD/CAM systems.
G-Ceram Block Glass-ceramics are formed as a result of a controlled crystallization in the glass phase as a result of various thermal processes.
Compatible with universal and specific holder systems. Available in A1, A2, A3, A3.5, A4, B0, B1, B4, C1, C2 shades.",Labside > CAD/CAM Materials,G-Ceram,"glass-ceramic,cad-cam,dental,block,feldspar",,,,100,,,G-Ceram Glass Ceramic Block - 8 x 10 x 15mm - B1,"G-Ceram Block are feldspathic monochromatic glass ceramic blanks used to produce inlays, onlays, crown and veneers with CAD/CAM systems.
G-Ceram Block Glass-cer",gb10b1,simple,GB10B1,True,False
G-Ceram Glass Ceramic Block - 8 x 10 x 15mm - B4,GB10B4,"G-Ceram Block are feldspathic monochromatic glass ceramic blanks used to produce inlays, onlays, crown and veneers with CAD/CAM systems.
G-Ceram Block Glass-ceramics are formed as a result of a controlled crystallization in the glass phase as a result of various thermal processes.
Compatible with universal and specific holder systems. Available in A1, A2, A3, A3.5, A4, B0, B1, B4, C1, C2 shades.",Labside > CAD/CAM Materials,G-Ceram,"glass-ceramic,cad-cam,dental,block,feldspar",,,,100,,,G-Ceram Glass Ceramic Block - 8 x 10 x 15mm - B4,"G-Ceram Block are feldspathic monochromatic glass ceramic blanks used to produce inlays, onlays, crown and veneers with CAD/CAM systems.
G-Ceram Block Glass-cer",gb10b4,simple,GB10B4,True,False
G-Ceram Glass Ceramic Block - 8 x 10 x 15mm - C1,GB10C1,"G-Ceram Block are feldspathic monochromatic glass ceramic blanks used to produce inlays, onlays, crown and veneers with CAD/CAM systems.
G-Ceram Block Glass-ceramics are formed as a result of a controlled crystallization in the glass phase as a result of various thermal processes.
Compatible with universal and specific holder systems. Available in A1, A2, A3, A3.5, A4, B0, B1, B4, C1, C2 shades.",Labside > CAD/CAM Materials,G-Ceram,"glass-ceramic,cad-cam,dental,block,feldspar",,,,100,,,G-Ceram Glass Ceramic Block - 8 x 10 x 15mm - C1,"G-Ceram Block are feldspathic monochromatic glass ceramic blanks used to produce inlays, onlays, crown and veneers with CAD/CAM systems.
G-Ceram Block Glass-cer",gb10c1,simple,GB10C1,True,False
G-Ceram Glass Ceramic Block - 8 x 10 x 15mm - C2,GB10C2,"G-Ceram Block are feldspathic monochromatic glass ceramic blanks used to produce inlays, onlays, crown and veneers with CAD/CAM systems.
G-Ceram Block Glass-ceramics are formed as a result of a controlled crystallization in the glass phase as a result of various thermal processes.
Compatible with universal and specific holder systems. Available in A1, A2, A3, A3.5, A4, B0, B1, B4, C1, C2 shades.",Labside > CAD/CAM Materials,G-Ceram,"glass-ceramic,cad-cam,dental,block,feldspar",,,,100,,,G-Ceram Glass Ceramic Block - 8 x 10 x 15mm - C2,"G-Ceram Block are feldspathic monochromatic glass ceramic blanks used to produce inlays, onlays, crown and veneers with CAD/CAM systems.
G-Ceram Block Glass-cer",gb10c2,simple,GB10C2,True,False
G-Ceram Glass Ceramic Block - 8 x 12 x 15mm - A1,GB12A1,"G-Ceram Block are feldspathic monochromatic glass ceramic blanks used to produce inlays, onlays, crown and veneers with CAD/CAM systems.
G-Ceram Block Glass-ceramics are formed as a result of a controlled crystallization in the glass phase as a result of various thermal processes.
Compatible with universal and specific holder systems. Available in A1, A2, A3, A3.5, A4, B0, B1, B4, C1, C2 shades.",Labside > CAD/CAM Materials,G-Ceram,"glass-ceramic,cad-cam,dental,block,feldspar",,,,100,,,G-Ceram Glass Ceramic Block - 8 x 12 x 15mm - A1,"G-Ceram Block are feldspathic monochromatic glass ceramic blanks used to produce inlays, onlays, crown and veneers with CAD/CAM systems.
G-Ceram Block Glass-cer",gb12a1,simple,GB12A1,True,False
G-Ceram Glass Ceramic Block - 8 x 12 x 15mm - A2,GB12A2,"G-Ceram Block are feldspathic monochromatic glass ceramic blanks used to produce inlays, onlays, crown and veneers with CAD/CAM systems.
G-Ceram Block Glass-ceramics are formed as a result of a controlled crystallization in the glass phase as a result of various thermal processes.
Compatible with universal and specific holder systems. Available in A1, A2, A3, A3.5, A4, B0, B1, B4, C1, C2 shades.",Labside > CAD/CAM Materials,G-Ceram,"glass-ceramic,cad-cam,dental,block,feldspar",,,,100,,,G-Ceram Glass Ceramic Block - 8 x 12 x 15mm - A2,"G-Ceram Block are feldspathic monochromatic glass ceramic blanks used to produce inlays, onlays, crown and veneers with CAD/CAM systems.
G-Ceram Block Glass-cer",gb12a2,simple,GB12A2,True,False
G-Ceram Glass Ceramic Block - 8 x 12 x 15mm - A3,GB12A3,"G-Ceram Block are feldspathic monochromatic glass ceramic blanks used to produce inlays, onlays, crown and veneers with CAD/CAM systems.
G-Ceram Block Glass-ceramics are formed as a result of a controlled crystallization in the glass phase as a result of various thermal processes.
Compatible with universal and specific holder systems. Available in A1, A2, A3, A3.5, A4, B0, B1, B4, C1, C2 shades.",Labside > CAD/CAM Materials,G-Ceram,"glass-ceramic,cad-cam,dental,block,feldspar",,,,100,,,G-Ceram Glass Ceramic Block - 8 x 12 x 15mm - A3,"G-Ceram Block are feldspathic monochromatic glass ceramic blanks used to produce inlays, onlays, crown and veneers with CAD/CAM systems.
G-Ceram Block Glass-cer",gb12a3,simple,GB12A3,True,False
"G-Ceram Glass Ceramic Block - 8 x 12 x 15mm - A3,5","GB12A3,5","G-Ceram Block are feldspathic monochromatic glass ceramic blanks used to produce inlays, onlays, crown and veneers with CAD/CAM systems.
G-Ceram Block Glass-ceramics are formed as a result of a controlled crystallization in the glass phase as a result of various thermal processes.
Compatible with universal and specific holder systems. Available in A1, A2, A3, A3.5, A4, B0, B1, B4, C1, C2 shades.",Labside > CAD/CAM Materials,G-Ceram,"glass-ceramic,cad-cam,dental,block,feldspar",,,,100,,,"G-Ceram Glass Ceramic Block - 8 x 12 x 15mm - A3,5","G-Ceram Block are feldspathic monochromatic glass ceramic blanks used to produce inlays, onlays, crown and veneers with CAD/CAM systems.
G-Ceram Block Glass-cer","gb12a3,5",simple,"GB12A3,5",True,False
G-Ceram Glass Ceramic Block - 8 x 12 x 15mm - A4,GB12A4,"G-Ceram Block are feldspathic monochromatic glass ceramic blanks used to produce inlays, onlays, crown and veneers with CAD/CAM systems.
G-Ceram Block Glass-ceramics are formed as a result of a controlled crystallization in the glass phase as a result of various thermal processes.
Compatible with universal and specific holder systems. Available in A1, A2, A3, A3.5, A4, B0, B1, B4, C1, C2 shades.",Labside > CAD/CAM Materials,G-Ceram,"glass-ceramic,cad-cam,dental,block,feldspar",,,,100,,,G-Ceram Glass Ceramic Block - 8 x 12 x 15mm - A4,"G-Ceram Block are feldspathic monochromatic glass ceramic blanks used to produce inlays, onlays, crown and veneers with CAD/CAM systems.
G-Ceram Block Glass-cer",gb12a4,simple,GB12A4,True,False
G-Ceram Glass Ceramic Block - 8 x 12 x 15mm - B0,GB12B0,"G-Ceram Block are feldspathic monochromatic glass ceramic blanks used to produce inlays, onlays, crown and veneers with CAD/CAM systems.
G-Ceram Block Glass-ceramics are formed as a result of a controlled crystallization in the glass phase as a result of various thermal processes.
Compatible with universal and specific holder systems. Available in A1, A2, A3, A3.5, A4, B0, B1, B4, C1, C2 shades.",Labside > CAD/CAM Materials,G-Ceram,"glass-ceramic,cad-cam,dental,block,feldspar",,,,100,,,G-Ceram Glass Ceramic Block - 8 x 12 x 15mm - B0,"G-Ceram Block are feldspathic monochromatic glass ceramic blanks used to produce inlays, onlays, crown and veneers with CAD/CAM systems.
G-Ceram Block Glass-cer",gb12b0,simple,GB12B0,True,False
G-Ceram Glass Ceramic Block - 8 x 12 x 15mm - B1,GB12B1,"G-Ceram Block are feldspathic monochromatic glass ceramic blanks used to produce inlays, onlays, crown and veneers with CAD/CAM systems.
G-Ceram Block Glass-ceramics are formed as a result of a controlled crystallization in the glass phase as a result of various thermal processes.
Compatible with universal and specific holder systems. Available in A1, A2, A3, A3.5, A4, B0, B1, B4, C1, C2 shades.",Labside > CAD/CAM Materials,G-Ceram,"glass-ceramic,cad-cam,dental,block,feldspar",,,,100,,,G-Ceram Glass Ceramic Block - 8 x 12 x 15mm - B1,"G-Ceram Block are feldspathic monochromatic glass ceramic blanks used to produce inlays, onlays, crown and veneers with CAD/CAM systems.
G-Ceram Block Glass-cer",gb12b1,simple,GB12B1,True,False
G-Ceram Glass Ceramic Block - 8 x 12 x 15mm - B4,GB12B4,"G-Ceram Block are feldspathic monochromatic glass ceramic blanks used to produce inlays, onlays, crown and veneers with CAD/CAM systems.
G-Ceram Block Glass-ceramics are formed as a result of a controlled crystallization in the glass phase as a result of various thermal processes.
Compatible with universal and specific holder systems. Available in A1, A2, A3, A3.5, A4, B0, B1, B4, C1, C2 shades.",Labside > CAD/CAM Materials,G-Ceram,"glass-ceramic,cad-cam,dental,block,feldspar",,,,100,,,G-Ceram Glass Ceramic Block - 8 x 12 x 15mm - B4,"G-Ceram Block are feldspathic monochromatic glass ceramic blanks used to produce inlays, onlays, crown and veneers with CAD/CAM systems.
G-Ceram Block Glass-cer",gb12b4,simple,GB12B4,True,False
G-Ceram Glass Ceramic Block - 8 x 12 x 15mm - C1,GB12C1,"G-Ceram Block are feldspathic monochromatic glass ceramic blanks used to produce inlays, onlays, crown and veneers with CAD/CAM systems.
G-Ceram Block Glass-ceramics are formed as a result of a controlled crystallization in the glass phase as a result of various thermal processes.
Compatible with universal and specific holder systems. Available in A1, A2, A3, A3.5, A4, B0, B1, B4, C1, C2 shades.",Labside > CAD/CAM Materials,G-Ceram,"glass-ceramic,cad-cam,dental,block,feldspar",,,,100,,,G-Ceram Glass Ceramic Block - 8 x 12 x 15mm - C1,"G-Ceram Block are feldspathic monochromatic glass ceramic blanks used to produce inlays, onlays, crown and veneers with CAD/CAM systems.
G-Ceram Block Glass-cer",gb12c1,simple,GB12C1,True,False
G-Ceram Glass Ceramic Block - 8 x 12 x 15mm - C2,GB12C2,"G-Ceram Block are feldspathic monochromatic glass ceramic blanks used to produce inlays, onlays, crown and veneers with CAD/CAM systems.
G-Ceram Block Glass-ceramics are formed as a result of a controlled crystallization in the glass phase as a result of various thermal processes.
Compatible with universal and specific holder systems. Available in A1, A2, A3, A3.5, A4, B0, B1, B4, C1, C2 shades.",Labside > CAD/CAM Materials,G-Ceram,"glass-ceramic,cad-cam,dental,block,feldspar",,,,100,,,G-Ceram Glass Ceramic Block - 8 x 12 x 15mm - C2,"G-Ceram Block are feldspathic monochromatic glass ceramic blanks used to produce inlays, onlays, crown and veneers with CAD/CAM systems.
G-Ceram Block Glass-cer",gb12c2,simple,GB12C2,True,False
G-Ceram Glass Ceramic Block - 8 x 14 x 15mm - A1,GB14A1,"G-Ceram Block are feldspathic monochromatic glass ceramic blanks used to produce inlays, onlays, crown and veneers with CAD/CAM systems.
G-Ceram Block Glass-ceramics are formed as a result of a controlled crystallization in the glass phase as a result of various thermal processes.
Compatible with universal and specific holder systems. Available in A1, A2, A3, A3.5, A4, B0, B1, B4, C1, C2 shades.",Labside > CAD/CAM Materials,G-Ceram,"glass-ceramic,cad-cam,dental,block,feldspar",,,,100,,,G-Ceram Glass Ceramic Block - 8 x 14 x 15mm - A1,"G-Ceram Block are feldspathic monochromatic glass ceramic blanks used to produce inlays, onlays, crown and veneers with CAD/CAM systems.
G-Ceram Block Glass-cer",gb14a1,simple,GB14A1,True,False
G-Ceram Glass Ceramic Block - 8 x 14 x 15mm - A2,GB14A2,"G-Ceram Block are feldspathic monochromatic glass ceramic blanks used to produce inlays, onlays, crown and veneers with CAD/CAM systems.
G-Ceram Block Glass-ceramics are formed as a result of a controlled crystallization in the glass phase as a result of various thermal processes.
Compatible with universal and specific holder systems. Available in A1, A2, A3, A3.5, A4, B0, B1, B4, C1, C2 shades.",Labside > CAD/CAM Materials,G-Ceram,"glass-ceramic,cad-cam,dental,block,feldspar",,,,100,,,G-Ceram Glass Ceramic Block - 8 x 14 x 15mm - A2,"G-Ceram Block are feldspathic monochromatic glass ceramic blanks used to produce inlays, onlays, crown and veneers with CAD/CAM systems.
G-Ceram Block Glass-cer",gb14a2,simple,GB14A2,True,False
G-Ceram Glass Ceramic Block - 8 x 14 x 15mm - A3,GB14A3,"G-Ceram Block are feldspathic monochromatic glass ceramic blanks used to produce inlays, onlays, crown and veneers with CAD/CAM systems.
G-Ceram Block Glass-ceramics are formed as a result of a controlled crystallization in the glass phase as a result of various thermal processes.
Compatible with universal and specific holder systems. Available in A1, A2, A3, A3.5, A4, B0, B1, B4, C1, C2 shades.",Labside > CAD/CAM Materials,G-Ceram,"glass-ceramic,cad-cam,dental,block,feldspar",,,,100,,,G-Ceram Glass Ceramic Block - 8 x 14 x 15mm - A3,"G-Ceram Block are feldspathic monochromatic glass ceramic blanks used to produce inlays, onlays, crown and veneers with CAD/CAM systems.
G-Ceram Block Glass-cer",gb14a3,simple,GB14A3,True,False
"G-Ceram Glass Ceramic Block - 8 x 14 x 15mm - A3,5","GB14A3,5","G-Ceram Block are feldspathic monochromatic glass ceramic blanks used to produce inlays, onlays, crown and veneers with CAD/CAM systems.
G-Ceram Block Glass-ceramics are formed as a result of a controlled crystallization in the glass phase as a result of various thermal processes.
Compatible with universal and specific holder systems. Available in A1, A2, A3, A3.5, A4, B0, B1, B4, C1, C2 shades.",Labside > CAD/CAM Materials,G-Ceram,"glass-ceramic,cad-cam,dental,block,feldspar",,,,100,,,"G-Ceram Glass Ceramic Block - 8 x 14 x 15mm - A3,5","G-Ceram Block are feldspathic monochromatic glass ceramic blanks used to produce inlays, onlays, crown and veneers with CAD/CAM systems.
G-Ceram Block Glass-cer","gb14a3,5",simple,"GB14A3,5",True,False
G-Ceram Glass Ceramic Block - 8 x 14 x 15mm - A4,GB14A4,"G-Ceram Block are feldspathic monochromatic glass ceramic blanks used to produce inlays, onlays, crown and veneers with CAD/CAM systems.
G-Ceram Block Glass-ceramics are formed as a result of a controlled crystallization in the glass phase as a result of various thermal processes.
Compatible with universal and specific holder systems. Available in A1, A2, A3, A3.5, A4, B0, B1, B4, C1, C2 shades.",Labside > CAD/CAM Materials,G-Ceram,"glass-ceramic,cad-cam,dental,block,feldspar",,,,100,,,G-Ceram Glass Ceramic Block - 8 x 14 x 15mm - A4,"G-Ceram Block are feldspathic monochromatic glass ceramic blanks used to produce inlays, onlays, crown and veneers with CAD/CAM systems.
G-Ceram Block Glass-cer",gb14a4,simple,GB14A4,True,False
G-Ceram Glass Ceramic Block - 8 x 14 x 15mm - B0,GB14B0,"G-Ceram Block are feldspathic monochromatic glass ceramic blanks used to produce inlays, onlays, crown and veneers with CAD/CAM systems.
G-Ceram Block Glass-ceramics are formed as a result of a controlled crystallization in the glass phase as a result of various thermal processes.
Compatible with universal and specific holder systems. Available in A1, A2, A3, A3.5, A4, B0, B1, B4, C1, C2 shades.",Labside > CAD/CAM Materials,G-Ceram,"glass-ceramic,cad-cam,dental,block,feldspar",,,,100,,,G-Ceram Glass Ceramic Block - 8 x 14 x 15mm - B0,"G-Ceram Block are feldspathic monochromatic glass ceramic blanks used to produce inlays, onlays, crown and veneers with CAD/CAM systems.
G-Ceram Block Glass-cer",gb14b0,simple,GB14B0,True,False
G-Ceram Glass Ceramic Block - 8 x 14 x 15mm - B1,GB14B1,"G-Ceram Block are feldspathic monochromatic glass ceramic blanks used to produce inlays, onlays, crown and veneers with CAD/CAM systems.
G-Ceram Block Glass-ceramics are formed as a result of a controlled crystallization in the glass phase as a result of various thermal processes.
Compatible with universal and specific holder systems. Available in A1, A2, A3, A3.5, A4, B0, B1, B4, C1, C2 shades.",Labside > CAD/CAM Materials,G-Ceram,"glass-ceramic,cad-cam,dental,block,feldspar",,,,100,,,G-Ceram Glass Ceramic Block - 8 x 14 x 15mm - B1,"G-Ceram Block are feldspathic monochromatic glass ceramic blanks used to produce inlays, onlays, crown and veneers with CAD/CAM systems.
G-Ceram Block Glass-cer",gb14b1,simple,GB14B1,True,False
G-Ceram Glass Ceramic Block - 8 x 14 x 15mm - B4,GB14B4,"G-Ceram Block are feldspathic monochromatic glass ceramic blanks used to produce inlays, onlays, crown and veneers with CAD/CAM systems.
G-Ceram Block Glass-ceramics are formed as a result of a controlled crystallization in the glass phase as a result of various thermal processes.
Compatible with universal and specific holder systems. Available in A1, A2, A3, A3.5, A4, B0, B1, B4, C1, C2 shades.",Labside > CAD/CAM Materials,G-Ceram,"glass-ceramic,cad-cam,dental,block,feldspar",,,,100,,,G-Ceram Glass Ceramic Block - 8 x 14 x 15mm - B4,"G-Ceram Block are feldspathic monochromatic glass ceramic blanks used to produce inlays, onlays, crown and veneers with CAD/CAM systems.
G-Ceram Block Glass-cer",gb14b4,simple,GB14B4,True,False
G-Ceram Glass Ceramic Block - 8 x 14 x 15mm - C1,GB14C1,"G-Ceram Block are feldspathic monochromatic glass ceramic blanks used to produce inlays, onlays, crown and veneers with CAD/CAM systems.
G-Ceram Block Glass-ceramics are formed as a result of a controlled crystallization in the glass phase as a result of various thermal processes.
Compatible with universal and specific holder systems. Available in A1, A2, A3, A3.5, A4, B0, B1, B4, C1, C2 shades.",Labside > CAD/CAM Materials,G-Ceram,"glass-ceramic,cad-cam,dental,block,feldspar",,,,100,,,G-Ceram Glass Ceramic Block - 8 x 14 x 15mm - C1,"G-Ceram Block are feldspathic monochromatic glass ceramic blanks used to produce inlays, onlays, crown and veneers with CAD/CAM systems.
G-Ceram Block Glass-cer",gb14c1,simple,GB14C1,True,False
G-Ceram Glass Ceramic Block - 8 x 14 x 15mm - C2,GB14C2,"G-Ceram Block are feldspathic monochromatic glass ceramic blanks used to produce inlays, onlays, crown and veneers with CAD/CAM systems.
G-Ceram Block Glass-ceramics are formed as a result of a controlled crystallization in the glass phase as a result of various thermal processes.
Compatible with universal and specific holder systems. Available in A1, A2, A3, A3.5, A4, B0, B1, B4, C1, C2 shades.",Labside > CAD/CAM Materials,G-Ceram,"glass-ceramic,cad-cam,dental,block,feldspar",,,,100,,,G-Ceram Glass Ceramic Block - 8 x 14 x 15mm - C2,"G-Ceram Block are feldspathic monochromatic glass ceramic blanks used to produce inlays, onlays, crown and veneers with CAD/CAM systems.
G-Ceram Block Glass-cer",gb14c2,simple,GB14C2,True,False
G-Ceram MF Opaque Powder - A0 - 50g,PT0100A0,"G-CERAM MF Metal-Ceramic is a natural feldspathic porcelain powder, which is used to make metal sub-structured porcelain crowns and bridges, porcelain veneer and dental inlays-onlays.
Thanks to its modelling ease of use, G-CERAM MF is a reliable ceramic powder for veneering, especially recommended for laboratories whose priority is rapidity and accuracy.",Labside > Porcelain Powder,G-Ceram,"porcelain,powder,metal-ceramic,dental",,,,100,,,G-Ceram MF Opaque Powder - A0 - 50g,"G-CERAM MF Metal-Ceramic is a natural feldspathic porcelain powder, which is used to make metal sub-structured porcelain crowns and bridges, porcelain veneer an",pt0100a0,simple,PT0100A0,True,False
G-Ceram MF Opaque Powder - A0 - 120g,PT0200A0,"G-CERAM MF Metal-Ceramic is a natural feldspathic porcelain powder, which is used to make metal sub-structured porcelain crowns and bridges, porcelain veneer and dental inlays-onlays.
Thanks to its modelling ease of use, G-CERAM MF is a reliable ceramic powder for veneering, especially recommended for laboratories whose priority is rapidity and accuracy.",Labside > Porcelain Powder,G-Ceram,"porcelain,powder,metal-ceramic,dental",,,,100,,,G-Ceram MF Opaque Powder - A0 - 120g,"G-CERAM MF Metal-Ceramic is a natural feldspathic porcelain powder, which is used to make metal sub-structured porcelain crowns and bridges, porcelain veneer an",pt0200a0,simple,PT0200A0,True,False
G-Ceram MF Opaque Powder - A0 - 200g,PT0300A0,"G-CERAM MF Metal-Ceramic is a natural feldspathic porcelain powder, which is used to make metal sub-structured porcelain crowns and bridges, porcelain veneer and dental inlays-onlays.
Thanks to its modelling ease of use, G-CERAM MF is a reliable ceramic powder for veneering, especially recommended for laboratories whose priority is rapidity and accuracy.",Labside > Porcelain Powder,G-Ceram,"porcelain,powder,metal-ceramic,dental",,,,100,,,G-Ceram MF Opaque Powder - A0 - 200g,"G-CERAM MF Metal-Ceramic is a natural feldspathic porcelain powder, which is used to make metal sub-structured porcelain crowns and bridges, porcelain veneer an",pt0300a0,simple,PT0300A0,True,False
G-Ceram MF Opaque Powder - A0 - 500g,PT0400A0,"G-CERAM MF Metal-Ceramic is a natural feldspathic porcelain powder, which is used to make metal sub-structured porcelain crowns and bridges, porcelain veneer and dental inlays-onlays.
Thanks to its modelling ease of use, G-CERAM MF is a reliable ceramic powder for veneering, especially recommended for laboratories whose priority is rapidity and accuracy.",Labside > Porcelain Powder,G-Ceram,"porcelain,powder,metal-ceramic,dental",,,,100,,,G-Ceram MF Opaque Powder - A0 - 500g,"G-CERAM MF Metal-Ceramic is a natural feldspathic porcelain powder, which is used to make metal sub-structured porcelain crowns and bridges, porcelain veneer an",pt0400a0,simple,PT0400A0,True,False
G-Ceram MF Opaque Powder - A1 - 50g,PT0100A1,"G-CERAM MF Metal-Ceramic is a natural feldspathic porcelain powder, which is used to make metal sub-structured porcelain crowns and bridges, porcelain veneer and dental inlays-onlays.
Thanks to its modelling ease of use, G-CERAM MF is a reliable ceramic powder for veneering, especially recommended for laboratories whose priority is rapidity and accuracy.",Labside > Porcelain Powder,G-Ceram,"porcelain,powder,metal-ceramic,dental",,,,100,,,G-Ceram MF Opaque Powder - A1 - 50g,"G-CERAM MF Metal-Ceramic is a natural feldspathic porcelain powder, which is used to make metal sub-structured porcelain crowns and bridges, porcelain veneer an",pt0100a1,simple,PT0100A1,True,False
G-Ceram MF Opaque Powder - A1 - 120g,PT0200A1,"G-CERAM MF Metal-Ceramic is a natural feldspathic porcelain powder, which is used to make metal sub-structured porcelain crowns and bridges, porcelain veneer and dental inlays-onlays.
Thanks to its modelling ease of use, G-CERAM MF is a reliable ceramic powder for veneering, especially recommended for laboratories whose priority is rapidity and accuracy.",Labside > Porcelain Powder,G-Ceram,"porcelain,powder,metal-ceramic,dental",,,,100,,,G-Ceram MF Opaque Powder - A1 - 120g,"G-CERAM MF Metal-Ceramic is a natural feldspathic porcelain powder, which is used to make metal sub-structured porcelain crowns and bridges, porcelain veneer an",pt0200a1,simple,PT0200A1,True,False
G-Ceram MF Opaque Powder - A1 - 200g,PT0300A1,"G-CERAM MF Metal-Ceramic is a natural feldspathic porcelain powder, which is used to make metal sub-structured porcelain crowns and bridges, porcelain veneer and dental inlays-onlays.
Thanks to its modelling ease of use, G-CERAM MF is a reliable ceramic powder for veneering, especially recommended for laboratories whose priority is rapidity and accuracy.",Labside > Porcelain Powder,G-Ceram,"porcelain,powder,metal-ceramic,dental",,,,100,,,G-Ceram MF Opaque Powder - A1 - 200g,"G-CERAM MF Metal-Ceramic is a natural feldspathic porcelain powder, which is used to make metal sub-structured porcelain crowns and bridges, porcelain veneer an",pt0300a1,simple,PT0300A1,True,False
G-Ceram MF Opaque Powder - A1 - 500g,PT0400A1,"G-CERAM MF Metal-Ceramic is a natural feldspathic porcelain powder, which is used to make metal sub-structured porcelain crowns and bridges, porcelain veneer and dental inlays-onlays.
Thanks to its modelling ease of use, G-CERAM MF is a reliable ceramic powder for veneering, especially recommended for laboratories whose priority is rapidity and accuracy.",Labside > Porcelain Powder,G-Ceram,"porcelain,powder,metal-ceramic,dental",,,,100,,,G-Ceram MF Opaque Powder - A1 - 500g,"G-CERAM MF Metal-Ceramic is a natural feldspathic porcelain powder, which is used to make metal sub-structured porcelain crowns and bridges, porcelain veneer an",pt0400a1,simple,PT0400A1,True,False
G-Ceram MF Opaque Powder - A2 - 50g,PT0100A2,"G-CERAM MF Metal-Ceramic is a natural feldspathic porcelain powder, which is used to make metal sub-structured porcelain crowns and bridges, porcelain veneer and dental inlays-onlays.
Thanks to its modelling ease of use, G-CERAM MF is a reliable ceramic powder for veneering, especially recommended for laboratories whose priority is rapidity and accuracy.",Labside > Porcelain Powder,G-Ceram,"porcelain,powder,metal-ceramic,dental",,,,100,,,G-Ceram MF Opaque Powder - A2 - 50g,"G-CERAM MF Metal-Ceramic is a natural feldspathic porcelain powder, which is used to make metal sub-structured porcelain crowns and bridges, porcelain veneer an",pt0100a2,simple,PT0100A2,True,False
G-Ceram MF Opaque Powder - A2 - 120g,PT0200A2,"G-CERAM MF Metal-Ceramic is a natural feldspathic porcelain powder, which is used to make metal sub-structured porcelain crowns and bridges, porcelain veneer and dental inlays-onlays.
Thanks to its modelling ease of use, G-CERAM MF is a reliable ceramic powder for veneering, especially recommended for laboratories whose priority is rapidity and accuracy.",Labside > Porcelain Powder,G-Ceram,"porcelain,powder,metal-ceramic,dental",,,,100,,,G-Ceram MF Opaque Powder - A2 - 120g,"G-CERAM MF Metal-Ceramic is a natural feldspathic porcelain powder, which is used to make metal sub-structured porcelain crowns and bridges, porcelain veneer an",pt0200a2,simple,PT0200A2,True,False
G-Ceram MF Opaque Powder - A2 - 200g,PT0300A2,"G-CERAM MF Metal-Ceramic is a natural feldspathic porcelain powder, which is used to make metal sub-structured porcelain crowns and bridges, porcelain veneer and dental inlays-onlays.
Thanks to its modelling ease of use, G-CERAM MF is a reliable ceramic powder for veneering, especially recommended for laboratories whose priority is rapidity and accuracy.",Labside > Porcelain Powder,G-Ceram,"porcelain,powder,metal-ceramic,dental",,,,100,,,G-Ceram MF Opaque Powder - A2 - 200g,"G-CERAM MF Metal-Ceramic is a natural feldspathic porcelain powder, which is used to make metal sub-structured porcelain crowns and bridges, porcelain veneer an",pt0300a2,simple,PT0300A2,True,False
G-Ceram MF Opaque Powder - A2 - 500g,PT0400A2,"G-CERAM MF Metal-Ceramic is a natural feldspathic porcelain powder, which is used to make metal sub-structured porcelain crowns and bridges, porcelain veneer and dental inlays-onlays.
Thanks to its modelling ease of use, G-CERAM MF is a reliable ceramic powder for veneering, especially recommended for laboratories whose priority is rapidity and accuracy.",Labside > Porcelain Powder,G-Ceram,"porcelain,powder,metal-ceramic,dental",,,,100,,,G-Ceram MF Opaque Powder - A2 - 500g,"G-CERAM MF Metal-Ceramic is a natural feldspathic porcelain powder, which is used to make metal sub-structured porcelain crowns and bridges, porcelain veneer an",pt0400a2,simple,PT0400A2,True,False
G-Ceram MF Opaque Powder - A3 - 50g,PT0100A3,"G-CERAM MF Metal-Ceramic is a natural feldspathic porcelain powder, which is used to make metal sub-structured porcelain crowns and bridges, porcelain veneer and dental inlays-onlays.
Thanks to its modelling ease of use, G-CERAM MF is a reliable ceramic powder for veneering, especially recommended for laboratories whose priority is rapidity and accuracy.",Labside > Porcelain Powder,G-Ceram,"porcelain,powder,metal-ceramic,dental",,,,100,,,G-Ceram MF Opaque Powder - A3 - 50g,"G-CERAM MF Metal-Ceramic is a natural feldspathic porcelain powder, which is used to make metal sub-structured porcelain crowns and bridges, porcelain veneer an",pt0100a3,simple,PT0100A3,True,False
G-Ceram MF Opaque Powder - A3 - 120g,PT0200A3,"G-CERAM MF Metal-Ceramic is a natural feldspathic porcelain powder, which is used to make metal sub-structured porcelain crowns and bridges, porcelain veneer and dental inlays-onlays.
Thanks to its modelling ease of use, G-CERAM MF is a reliable ceramic powder for veneering, especially recommended for laboratories whose priority is rapidity and accuracy.",Labside > Porcelain Powder,G-Ceram,"porcelain,powder,metal-ceramic,dental",,,,100,,,G-Ceram MF Opaque Powder - A3 - 120g,"G-CERAM MF Metal-Ceramic is a natural feldspathic porcelain powder, which is used to make metal sub-structured porcelain crowns and bridges, porcelain veneer an",pt0200a3,simple,PT0200A3,True,False
G-Ceram MF Opaque Powder - A3 - 200g,PT0300A3,"G-CERAM MF Metal-Ceramic is a natural feldspathic porcelain powder, which is used to make metal sub-structured porcelain crowns and bridges, porcelain veneer and dental inlays-onlays.
Thanks to its modelling ease of use, G-CERAM MF is a reliable ceramic powder for veneering, especially recommended for laboratories whose priority is rapidity and accuracy.",Labside > Porcelain Powder,G-Ceram,"porcelain,powder,metal-ceramic,dental",,,,100,,,G-Ceram MF Opaque Powder - A3 - 200g,"G-CERAM MF Metal-Ceramic is a natural feldspathic porcelain powder, which is used to make metal sub-structured porcelain crowns and bridges, porcelain veneer an",pt0300a3,simple,PT0300A3,True,False
G-Ceram MF Opaque Powder - A3 - 500g,PT0400A3,"G-CERAM MF Metal-Ceramic is a natural feldspathic porcelain powder, which is used to make metal sub-structured porcelain crowns and bridges, porcelain veneer and dental inlays-onlays.
Thanks to its modelling ease of use, G-CERAM MF is a reliable ceramic powder for veneering, especially recommended for laboratories whose priority is rapidity and accuracy.",Labside > Porcelain Powder,G-Ceram,"porcelain,powder,metal-ceramic,dental",,,,100,,,G-Ceram MF Opaque Powder - A3 - 500g,"G-CERAM MF Metal-Ceramic is a natural feldspathic porcelain powder, which is used to make metal sub-structured porcelain crowns and bridges, porcelain veneer an",pt0400a3,simple,PT0400A3,True,False
G-Ceram MF Opaque Powder - A3.5 - 50g,PT0100A3.5,"G-CERAM MF Metal-Ceramic is a natural feldspathic porcelain powder, which is used to make metal sub-structured porcelain crowns and bridges, porcelain veneer and dental inlays-onlays.
Thanks to its modelling ease of use, G-CERAM MF is a reliable ceramic powder for veneering, especially recommended for laboratories whose priority is rapidity and accuracy.",Labside > Porcelain Powder,G-Ceram,"porcelain,powder,metal-ceramic,dental",,,,100,,,G-Ceram MF Opaque Powder - A3.5 - 50g,"G-CERAM MF Metal-Ceramic is a natural feldspathic porcelain powder, which is used to make metal sub-structured porcelain crowns and bridges, porcelain veneer an",pt0100a3.5,simple,PT0100A3.5,True,False
G-Ceram MF Opaque Powder - A3.5 - 120g,PT0200A3.5,"G-CERAM MF Metal-Ceramic is a natural feldspathic porcelain powder, which is used to make metal sub-structured porcelain crowns and bridges, porcelain veneer and dental inlays-onlays.
Thanks to its modelling ease of use, G-CERAM MF is a reliable ceramic powder for veneering, especially recommended for laboratories whose priority is rapidity and accuracy.",Labside > Porcelain Powder,G-Ceram,"porcelain,powder,metal-ceramic,dental",,,,100,,,G-Ceram MF Opaque Powder - A3.5 - 120g,"G-CERAM MF Metal-Ceramic is a natural feldspathic porcelain powder, which is used to make metal sub-structured porcelain crowns and bridges, porcelain veneer an",pt0200a3.5,simple,PT0200A3.5,True,False
G-Ceram MF Opaque Powder - A3.5 - 200g,PT0300A3.5,"G-CERAM MF Metal-Ceramic is a natural feldspathic porcelain powder, which is used to make metal sub-structured porcelain crowns and bridges, porcelain veneer and dental inlays-onlays.
Thanks to its modelling ease of use, G-CERAM MF is a reliable ceramic powder for veneering, especially recommended for laboratories whose priority is rapidity and accuracy.",Labside > Porcelain Powder,G-Ceram,"porcelain,powder,metal-ceramic,dental",,,,100,,,G-Ceram MF Opaque Powder - A3.5 - 200g,"G-CERAM MF Metal-Ceramic is a natural feldspathic porcelain powder, which is used to make metal sub-structured porcelain crowns and bridges, porcelain veneer an",pt0300a3.5,simple,PT0300A3.5,True,False
G-Ceram MF Opaque Powder - A3.5 - 500g,PT0400A3.5,"G-CERAM MF Metal-Ceramic is a natural feldspathic porcelain powder, which is used to make metal sub-structured porcelain crowns and bridges, porcelain veneer and dental inlays-onlays.
Thanks to its modelling ease of use, G-CERAM MF is a reliable ceramic powder for veneering, especially recommended for laboratories whose priority is rapidity and accuracy.",Labside > Porcelain Powder,G-Ceram,"porcelain,powder,metal-ceramic,dental",,,,100,,,G-Ceram MF Opaque Powder - A3.5 - 500g,"G-CERAM MF Metal-Ceramic is a natural feldspathic porcelain powder, which is used to make metal sub-structured porcelain crowns and bridges, porcelain veneer an",pt0400a3.5,simple,PT0400A3.5,True,False
G-Ceram MF Opaque Powder - A4 - 50g,PT0100A4,"G-CERAM MF Metal-Ceramic is a natural feldspathic porcelain powder, which is used to make metal sub-structured porcelain crowns and bridges, porcelain veneer and dental inlays-onlays.
Thanks to its modelling ease of use, G-CERAM MF is a reliable ceramic powder for veneering, especially recommended for laboratories whose priority is rapidity and accuracy.",Labside > Porcelain Powder,G-Ceram,"porcelain,powder,metal-ceramic,dental",,,,100,,,G-Ceram MF Opaque Powder - A4 - 50g,"G-CERAM MF Metal-Ceramic is a natural feldspathic porcelain powder, which is used to make metal sub-structured porcelain crowns and bridges, porcelain veneer an",pt0100a4,simple,PT0100A4,True,False
G-Ceram MF Opaque Powder - A4 - 120g,PT0200A4,"G-CERAM MF Metal-Ceramic is a natural feldspathic porcelain powder, which is used to make metal sub-structured porcelain crowns and bridges, porcelain veneer and dental inlays-onlays.
Thanks to its modelling ease of use, G-CERAM MF is a reliable ceramic powder for veneering, especially recommended for laboratories whose priority is rapidity and accuracy.",Labside > Porcelain Powder,G-Ceram,"porcelain,powder,metal-ceramic,dental",,,,100,,,G-Ceram MF Opaque Powder - A4 - 120g,"G-CERAM MF Metal-Ceramic is a natural feldspathic porcelain powder, which is used to make metal sub-structured porcelain crowns and bridges, porcelain veneer an",pt0200a4,simple,PT0200A4,True,False
G-Ceram MF Opaque Powder - A4 - 200g,PT0300A4,"G-CERAM MF Metal-Ceramic is a natural feldspathic porcelain powder, which is used to make metal sub-structured porcelain crowns and bridges, porcelain veneer and dental inlays-onlays.
Thanks to its modelling ease of use, G-CERAM MF is a reliable ceramic powder for veneering, especially recommended for laboratories whose priority is rapidity and accuracy.",Labside > Porcelain Powder,G-Ceram,"porcelain,powder,metal-ceramic,dental",,,,100,,,G-Ceram MF Opaque Powder - A4 - 200g,"G-CERAM MF Metal-Ceramic is a natural feldspathic porcelain powder, which is used to make metal sub-structured porcelain crowns and bridges, porcelain veneer an",pt0300a4,simple,PT0300A4,True,False
G-Ceram MF Opaque Powder - A4 - 500g,PT0400A4,"G-CERAM MF Metal-Ceramic is a natural feldspathic porcelain powder, which is used to make metal sub-structured porcelain crowns and bridges, porcelain veneer and dental inlays-onlays.
Thanks to its modelling ease of use, G-CERAM MF is a reliable ceramic powder for veneering, especially recommended for laboratories whose priority is rapidity and accuracy.",Labside > Porcelain Powder,G-Ceram,"porcelain,powder,metal-ceramic,dental",,,,100,,,G-Ceram MF Opaque Powder - A4 - 500g,"G-CERAM MF Metal-Ceramic is a natural feldspathic porcelain powder, which is used to make metal sub-structured porcelain crowns and bridges, porcelain veneer an",pt0400a4,simple,PT0400A4,True,False
G-Ceram MF Opaque Powder - B1 - 50g,PT0100B1,"G-CERAM MF Metal-Ceramic is a natural feldspathic porcelain powder, which is used to make metal sub-structured porcelain crowns and bridges, porcelain veneer and dental inlays-onlays.
Thanks to its modelling ease of use, G-CERAM MF is a reliable ceramic powder for veneering, especially recommended for laboratories whose priority is rapidity and accuracy.",Labside > Porcelain Powder,G-Ceram,"porcelain,powder,metal-ceramic,dental",,,,100,,,G-Ceram MF Opaque Powder - B1 - 50g,"G-CERAM MF Metal-Ceramic is a natural feldspathic porcelain powder, which is used to make metal sub-structured porcelain crowns and bridges, porcelain veneer an",pt0100b1,simple,PT0100B1,True,False
G-Ceram MF Opaque Powder - B1 - 120g,PT0200B1,"G-CERAM MF Metal-Ceramic is a natural feldspathic porcelain powder, which is used to make metal sub-structured porcelain crowns and bridges, porcelain veneer and dental inlays-onlays.
Thanks to its modelling ease of use, G-CERAM MF is a reliable ceramic powder for veneering, especially recommended for laboratories whose priority is rapidity and accuracy.",Labside > Porcelain Powder,G-Ceram,"porcelain,powder,metal-ceramic,dental",,,,100,,,G-Ceram MF Opaque Powder - B1 - 120g,"G-CERAM MF Metal-Ceramic is a natural feldspathic porcelain powder, which is used to make metal sub-structured porcelain crowns and bridges, porcelain veneer an",pt0200b1,simple,PT0200B1,True,False
G-Ceram MF Opaque Powder - B1 - 200g,PT0300B1,"G-CERAM MF Metal-Ceramic is a natural feldspathic porcelain powder, which is used to make metal sub-structured porcelain crowns and bridges, porcelain veneer and dental inlays-onlays.
Thanks to its modelling ease of use, G-CERAM MF is a reliable ceramic powder for veneering, especially recommended for laboratories whose priority is rapidity and accuracy.",Labside > Porcelain Powder,G-Ceram,"porcelain,powder,metal-ceramic,dental",,,,100,,,G-Ceram MF Opaque Powder - B1 - 200g,"G-CERAM MF Metal-Ceramic is a natural feldspathic porcelain powder, which is used to make metal sub-structured porcelain crowns and bridges, porcelain veneer an",pt0300b1,simple,PT0300B1,True,False
G-Ceram MF Opaque Powder - B1 - 500g,PT0400B1,"G-CERAM MF Metal-Ceramic is a natural feldspathic porcelain powder, which is used to make metal sub-structured porcelain crowns and bridges, porcelain veneer and dental inlays-onlays.
Thanks to its modelling ease of use, G-CERAM MF is a reliable ceramic powder for veneering, especially recommended for laboratories whose priority is rapidity and accuracy.",Labside > Porcelain Powder,G-Ceram,"porcelain,powder,metal-ceramic,dental",,,,100,,,G-Ceram MF Opaque Powder - B1 - 500g,"G-CERAM MF Metal-Ceramic is a natural feldspathic porcelain powder, which is used to make metal sub-structured porcelain crowns and bridges, porcelain veneer an",pt0400b1,simple,PT0400B1,True,False
G-Ceram MF Opaque Powder - B2 - 50g,PT0100B2,"G-CERAM MF Metal-Ceramic is a natural feldspathic porcelain powder, which is used to make metal sub-structured porcelain crowns and bridges, porcelain veneer and dental inlays-onlays.
Thanks to its modelling ease of use, G-CERAM MF is a reliable ceramic powder for veneering, especially recommended for laboratories whose priority is rapidity and accuracy.",Labside > Porcelain Powder,G-Ceram,"porcelain,powder,metal-ceramic,dental",,,,100,,,G-Ceram MF Opaque Powder - B2 - 50g,"G-CERAM MF Metal-Ceramic is a natural feldspathic porcelain powder, which is used to make metal sub-structured porcelain crowns and bridges, porcelain veneer an",pt0100b2,simple,PT0100B2,True,False
G-Ceram MF Opaque Powder - B2 - 120g,PT0200B2,"G-CERAM MF Metal-Ceramic is a natural feldspathic porcelain powder, which is used to make metal sub-structured porcelain crowns and bridges, porcelain veneer and dental inlays-onlays.
Thanks to its modelling ease of use, G-CERAM MF is a reliable ceramic powder for veneering, especially recommended for laboratories whose priority is rapidity and accuracy.",Labside > Porcelain Powder,G-Ceram,"porcelain,powder,metal-ceramic,dental",,,,100,,,G-Ceram MF Opaque Powder - B2 - 120g,"G-CERAM MF Metal-Ceramic is a natural feldspathic porcelain powder, which is used to make metal sub-structured porcelain crowns and bridges, porcelain veneer an",pt0200b2,simple,PT0200B2,True,False
G-Ceram MF Opaque Powder - B2 - 200g,PT0300B2,"G-CERAM MF Metal-Ceramic is a natural feldspathic porcelain powder, which is used to make metal sub-structured porcelain crowns and bridges, porcelain veneer and dental inlays-onlays.
Thanks to its modelling ease of use, G-CERAM MF is a reliable ceramic powder for veneering, especially recommended for laboratories whose priority is rapidity and accuracy.",Labside > Porcelain Powder,G-Ceram,"porcelain,powder,metal-ceramic,dental",,,,100,,,G-Ceram MF Opaque Powder - B2 - 200g,"G-CERAM MF Metal-Ceramic is a natural feldspathic porcelain powder, which is used to make metal sub-structured porcelain crowns and bridges, porcelain veneer an",pt0300b2,simple,PT0300B2,True,False
G-Ceram MF Opaque Powder - B2 - 500g,PT0400B2,"G-CERAM MF Metal-Ceramic is a natural feldspathic porcelain powder, which is used to make metal sub-structured porcelain crowns and bridges, porcelain veneer and dental inlays-onlays.
Thanks to its modelling ease of use, G-CERAM MF is a reliable ceramic powder for veneering, especially recommended for laboratories whose priority is rapidity and accuracy.",Labside > Porcelain Powder,G-Ceram,"porcelain,powder,metal-ceramic,dental",,,,100,,,G-Ceram MF Opaque Powder - B2 - 500g,"G-CERAM MF Metal-Ceramic is a natural feldspathic porcelain powder, which is used to make metal sub-structured porcelain crowns and bridges, porcelain veneer an",pt0400b2,simple,PT0400B2,True,False
G-Ceram MF Opaque Powder - B3 - 50g,PT0100B3,"G-CERAM MF Metal-Ceramic is a natural feldspathic porcelain powder, which is used to make metal sub-structured porcelain crowns and bridges, porcelain veneer and dental inlays-onlays.
Thanks to its modelling ease of use, G-CERAM MF is a reliable ceramic powder for veneering, especially recommended for laboratories whose priority is rapidity and accuracy.",Labside > Porcelain Powder,G-Ceram,"porcelain,powder,metal-ceramic,dental",,,,100,,,G-Ceram MF Opaque Powder - B3 - 50g,"G-CERAM MF Metal-Ceramic is a natural feldspathic porcelain powder, which is used to make metal sub-structured porcelain crowns and bridges, porcelain veneer an",pt0100b3,simple,PT0100B3,True,False
G-Ceram MF Opaque Powder - B3 - 120g,PT0200B3,"G-CERAM MF Metal-Ceramic is a natural feldspathic porcelain powder, which is used to make metal sub-structured porcelain crowns and bridges, porcelain veneer and dental inlays-onlays.
Thanks to its modelling ease of use, G-CERAM MF is a reliable ceramic powder for veneering, especially recommended for laboratories whose priority is rapidity and accuracy.",Labside > Porcelain Powder,G-Ceram,"porcelain,powder,metal-ceramic,dental",,,,100,,,G-Ceram MF Opaque Powder - B3 - 120g,"G-CERAM MF Metal-Ceramic is a natural feldspathic porcelain powder, which is used to make metal sub-structured porcelain crowns and bridges, porcelain veneer an",pt0200b3,simple,PT0200B3,True,False
G-Ceram MF Opaque Powder - B3 - 200g,PT0300B3,"G-CERAM MF Metal-Ceramic is a natural feldspathic porcelain powder, which is used to make metal sub-structured porcelain crowns and bridges, porcelain veneer and dental inlays-onlays.
Thanks to its modelling ease of use, G-CERAM MF is a reliable ceramic powder for veneering, especially recommended for laboratories whose priority is rapidity and accuracy.",Labside > Porcelain Powder,G-Ceram,"porcelain,powder,metal-ceramic,dental",,,,100,,,G-Ceram MF Opaque Powder - B3 - 200g,"G-CERAM MF Metal-Ceramic is a natural feldspathic porcelain powder, which is used to make metal sub-structured porcelain crowns and bridges, porcelain veneer an",pt0300b3,simple,PT0300B3,True,False
G-Ceram MF Opaque Powder - B3 - 500g,PT0400B3,"G-CERAM MF Metal-Ceramic is a natural feldspathic porcelain powder, which is used to make metal sub-structured porcelain crowns and bridges, porcelain veneer and dental inlays-onlays.
Thanks to its modelling ease of use, G-CERAM MF is a reliable ceramic powder for veneering, especially recommended for laboratories whose priority is rapidity and accuracy.",Labside > Porcelain Powder,G-Ceram,"porcelain,powder,metal-ceramic,dental",,,,100,,,G-Ceram MF Opaque Powder - B3 - 500g,"G-CERAM MF Metal-Ceramic is a natural feldspathic porcelain powder, which is used to make metal sub-structured porcelain crowns and bridges, porcelain veneer an",pt0400b3,simple,PT0400B3,True,False
G-Ceram MF Opaque Powder - B4 - 50g,PT0100B4,"G-CERAM MF Metal-Ceramic is a natural feldspathic porcelain powder, which is used to make metal sub-structured porcelain crowns and bridges, porcelain veneer and dental inlays-onlays.
Thanks to its modelling ease of use, G-CERAM MF is a reliable ceramic powder for veneering, especially recommended for laboratories whose priority is rapidity and accuracy.",Labside > Porcelain Powder,G-Ceram,"porcelain,powder,metal-ceramic,dental",,,,100,,,G-Ceram MF Opaque Powder - B4 - 50g,"G-CERAM MF Metal-Ceramic is a natural feldspathic porcelain powder, which is used to make metal sub-structured porcelain crowns and bridges, porcelain veneer an",pt0100b4,simple,PT0100B4,True,False
G-Ceram MF Opaque Powder - B4 - 120g,PT0200B4,"G-CERAM MF Metal-Ceramic is a natural feldspathic porcelain powder, which is used to make metal sub-structured porcelain crowns and bridges, porcelain veneer and dental inlays-onlays.
Thanks to its modelling ease of use, G-CERAM MF is a reliable ceramic powder for veneering, especially recommended for laboratories whose priority is rapidity and accuracy.",Labside > Porcelain Powder,G-Ceram,"porcelain,powder,metal-ceramic,dental",,,,100,,,G-Ceram MF Opaque Powder - B4 - 120g,"G-CERAM MF Metal-Ceramic is a natural feldspathic porcelain powder, which is used to make metal sub-structured porcelain crowns and bridges, porcelain veneer an",pt0200b4,simple,PT0200B4,True,False
G-Ceram MF Opaque Powder - B4 - 200g,PT0300B4,"G-CERAM MF Metal-Ceramic is a natural feldspathic porcelain powder, which is used to make metal sub-structured porcelain crowns and bridges, porcelain veneer and dental inlays-onlays.
Thanks to its modelling ease of use, G-CERAM MF is a reliable ceramic powder for veneering, especially recommended for laboratories whose priority is rapidity and accuracy.",Labside > Porcelain Powder,G-Ceram,"porcelain,powder,metal-ceramic,dental",,,,100,,,G-Ceram MF Opaque Powder - B4 - 200g,"G-CERAM MF Metal-Ceramic is a natural feldspathic porcelain powder, which is used to make metal sub-structured porcelain crowns and bridges, porcelain veneer an",pt0300b4,simple,PT0300B4,True,False
G-Ceram MF Opaque Powder - B4 - 500g,PT0400B4,"G-CERAM MF Metal-Ceramic is a natural feldspathic porcelain powder, which is used to make metal sub-structured porcelain crowns and bridges, porcelain veneer and dental inlays-onlays.
Thanks to its modelling ease of use, G-CERAM MF is a reliable ceramic powder for veneering, especially recommended for laboratories whose priority is rapidity and accuracy.",Labside > Porcelain Powder,G-Ceram,"porcelain,powder,metal-ceramic,dental",,,,100,,,G-Ceram MF Opaque Powder - B4 - 500g,"G-CERAM MF Metal-Ceramic is a natural feldspathic porcelain powder, which is used to make metal sub-structured porcelain crowns and bridges, porcelain veneer an",pt0400b4,simple,PT0400B4,True,False
G-Ceram MF Opaque Powder - C1 - 50g,PT0100C1,"G-CERAM MF Metal-Ceramic is a natural feldspathic porcelain powder, which is used to make metal sub-structured porcelain crowns and bridges, porcelain veneer and dental inlays-onlays.
Thanks to its modelling ease of use, G-CERAM MF is a reliable ceramic powder for veneering, especially recommended for laboratories whose priority is rapidity and accuracy.",Labside > Porcelain Powder,G-Ceram,"porcelain,powder,metal-ceramic,dental",,,,100,,,G-Ceram MF Opaque Powder - C1 - 50g,"G-CERAM MF Metal-Ceramic is a natural feldspathic porcelain powder, which is used to make metal sub-structured porcelain crowns and bridges, porcelain veneer an",pt0100c1,simple,PT0100C1,True,False
G-Ceram MF Opaque Powder - C1 - 120g,PT0200C1,"G-CERAM MF Metal-Ceramic is a natural feldspathic porcelain powder, which is used to make metal sub-structured porcelain crowns and bridges, porcelain veneer and dental inlays-onlays.
Thanks to its modelling ease of use, G-CERAM MF is a reliable ceramic powder for veneering, especially recommended for laboratories whose priority is rapidity and accuracy.",Labside > Porcelain Powder,G-Ceram,"porcelain,powder,metal-ceramic,dental",,,,100,,,G-Ceram MF Opaque Powder - C1 - 120g,"G-CERAM MF Metal-Ceramic is a natural feldspathic porcelain powder, which is used to make metal sub-structured porcelain crowns and bridges, porcelain veneer an",pt0200c1,simple,PT0200C1,True,False
G-Ceram MF Opaque Powder - C1 - 200g,PT0300C1,"G-CERAM MF Metal-Ceramic is a natural feldspathic porcelain powder, which is used to make metal sub-structured porcelain crowns and bridges, porcelain veneer and dental inlays-onlays.
Thanks to its modelling ease of use, G-CERAM MF is a reliable ceramic powder for veneering, especially recommended for laboratories whose priority is rapidity and accuracy.",Labside > Porcelain Powder,G-Ceram,"porcelain,powder,metal-ceramic,dental",,,,100,,,G-Ceram MF Opaque Powder - C1 - 200g,"G-CERAM MF Metal-Ceramic is a natural feldspathic porcelain powder, which is used to make metal sub-structured porcelain crowns and bridges, porcelain veneer an",pt0300c1,simple,PT0300C1,True,False
G-Ceram MF Opaque Powder - C1 - 500g,PT0400C1,"G-CERAM MF Metal-Ceramic is a natural feldspathic porcelain powder, which is used to make metal sub-structured porcelain crowns and bridges, porcelain veneer and dental inlays-onlays.
Thanks to its modelling ease of use, G-CERAM MF is a reliable ceramic powder for veneering, especially recommended for laboratories whose priority is rapidity and accuracy.",Labside > Porcelain Powder,G-Ceram,"porcelain,powder,metal-ceramic,dental",,,,100,,,G-Ceram MF Opaque Powder - C1 - 500g,"G-CERAM MF Metal-Ceramic is a natural feldspathic porcelain powder, which is used to make metal sub-structured porcelain crowns and bridges, porcelain veneer an",pt0400c1,simple,PT0400C1,True,False
G-Ceram MF Opaque Powder - C2 - 50g,PT0100C2,"G-CERAM MF Metal-Ceramic is a natural feldspathic porcelain powder, which is used to make metal sub-structured porcelain crowns and bridges, porcelain veneer and dental inlays-onlays.
Thanks to its modelling ease of use, G-CERAM MF is a reliable ceramic powder for veneering, especially recommended for laboratories whose priority is rapidity and accuracy.",Labside > Porcelain Powder,G-Ceram,"porcelain,powder,metal-ceramic,dental",,,,100,,,G-Ceram MF Opaque Powder - C2 - 50g,"G-CERAM MF Metal-Ceramic is a natural feldspathic porcelain powder, which is used to make metal sub-structured porcelain crowns and bridges, porcelain veneer an",pt0100c2,simple,PT0100C2,True,False
G-Ceram MF Opaque Powder - C2 - 120g,PT0200C2,"G-CERAM MF Metal-Ceramic is a natural feldspathic porcelain powder, which is used to make metal sub-structured porcelain crowns and bridges, porcelain veneer and dental inlays-onlays.
Thanks to its modelling ease of use, G-CERAM MF is a reliable ceramic powder for veneering, especially recommended for laboratories whose priority is rapidity and accuracy.",Labside > Porcelain Powder,G-Ceram,"porcelain,powder,metal-ceramic,dental",,,,100,,,G-Ceram MF Opaque Powder - C2 - 120g,"G-CERAM MF Metal-Ceramic is a natural feldspathic porcelain powder, which is used to make metal sub-structured porcelain crowns and bridges, porcelain veneer an",pt0200c2,simple,PT0200C2,True,False
G-Ceram MF Opaque Powder - C2 - 200g,PT0300C2,"G-CERAM MF Metal-Ceramic is a natural feldspathic porcelain powder, which is used to make metal sub-structured porcelain crowns and bridges, porcelain veneer and dental inlays-onlays.
Thanks to its modelling ease of use, G-CERAM MF is a reliable ceramic powder for veneering, especially recommended for laboratories whose priority is rapidity and accuracy.",Labside > Porcelain Powder,G-Ceram,"porcelain,powder,metal-ceramic,dental",,,,100,,,G-Ceram MF Opaque Powder - C2 - 200g,"G-CERAM MF Metal-Ceramic is a natural feldspathic porcelain powder, which is used to make metal sub-structured porcelain crowns and bridges, porcelain veneer an",pt0300c2,simple,PT0300C2,True,False
G-Ceram MF Opaque Powder - C2 - 500g,PT0400C2,"G-CERAM MF Metal-Ceramic is a natural feldspathic porcelain powder, which is used to make metal sub-structured porcelain crowns and bridges, porcelain veneer and dental inlays-onlays.
Thanks to its modelling ease of use, G-CERAM MF is a reliable ceramic powder for veneering, especially recommended for laboratories whose priority is rapidity and accuracy.",Labside > Porcelain Powder,G-Ceram,"porcelain,powder,metal-ceramic,dental",,,,100,,,G-Ceram MF Opaque Powder - C2 - 500g,"G-CERAM MF Metal-Ceramic is a natural feldspathic porcelain powder, which is used to make metal sub-structured porcelain crowns and bridges, porcelain veneer an",pt0400c2,simple,PT0400C2,True,False
G-Ceram MF Opaque Powder - C3 - 50g,PT0100C3,"G-CERAM MF Metal-Ceramic is a natural feldspathic porcelain powder, which is used to make metal sub-structured porcelain crowns and bridges, porcelain veneer and dental inlays-onlays.
Thanks to its modelling ease of use, G-CERAM MF is a reliable ceramic powder for veneering, especially recommended for laboratories whose priority is rapidity and accuracy.",Labside > Porcelain Powder,G-Ceram,"porcelain,powder,metal-ceramic,dental",,,,100,,,G-Ceram MF Opaque Powder - C3 - 50g,"G-CERAM MF Metal-Ceramic is a natural feldspathic porcelain powder, which is used to make metal sub-structured porcelain crowns and bridges, porcelain veneer an",pt0100c3,simple,PT0100C3,True,False
G-Ceram MF Opaque Powder - C3 - 120g,PT0200C3,"G-CERAM MF Metal-Ceramic is a natural feldspathic porcelain powder, which is used to make metal sub-structured porcelain crowns and bridges, porcelain veneer and dental inlays-onlays.
Thanks to its modelling ease of use, G-CERAM MF is a reliable ceramic powder for veneering, especially recommended for laboratories whose priority is rapidity and accuracy.",Labside > Porcelain Powder,G-Ceram,"porcelain,powder,metal-ceramic,dental",,,,100,,,G-Ceram MF Opaque Powder - C3 - 120g,"G-CERAM MF Metal-Ceramic is a natural feldspathic porcelain powder, which is used to make metal sub-structured porcelain crowns and bridges, porcelain veneer an",pt0200c3,simple,PT0200C3,True,False
G-Ceram MF Opaque Powder - C3 - 200g,PT0300C3,"G-CERAM MF Metal-Ceramic is a natural feldspathic porcelain powder, which is used to make metal sub-structured porcelain crowns and bridges, porcelain veneer and dental inlays-onlays.
Thanks to its modelling ease of use, G-CERAM MF is a reliable ceramic powder for veneering, especially recommended for laboratories whose priority is rapidity and accuracy.",Labside > Porcelain Powder,G-Ceram,"porcelain,powder,metal-ceramic,dental",,,,100,,,G-Ceram MF Opaque Powder - C3 - 200g,"G-CERAM MF Metal-Ceramic is a natural feldspathic porcelain powder, which is used to make metal sub-structured porcelain crowns and bridges, porcelain veneer an",pt0300c3,simple,PT0300C3,True,False
G-Ceram MF Opaque Powder - C3 - 500g,PT0400C3,"G-CERAM MF Metal-Ceramic is a natural feldspathic porcelain powder, which is used to make metal sub-structured porcelain crowns and bridges, porcelain veneer and dental inlays-onlays.
Thanks to its modelling ease of use, G-CERAM MF is a reliable ceramic powder for veneering, especially recommended for laboratories whose priority is rapidity and accuracy.",Labside > Porcelain Powder,G-Ceram,"porcelain,powder,metal-ceramic,dental",,,,100,,,G-Ceram MF Opaque Powder - C3 - 500g,"G-CERAM MF Metal-Ceramic is a natural feldspathic porcelain powder, which is used to make metal sub-structured porcelain crowns and bridges, porcelain veneer an",pt0400c3,simple,PT0400C3,True,False
G-Ceram MF Opaque Powder - C4 - 50g,PT0100C4,"G-CERAM MF Metal-Ceramic is a natural feldspathic porcelain powder, which is used to make metal sub-structured porcelain crowns and bridges, porcelain veneer and dental inlays-onlays.
Thanks to its modelling ease of use, G-CERAM MF is a reliable ceramic powder for veneering, especially recommended for laboratories whose priority is rapidity and accuracy.",Labside > Porcelain Powder,G-Ceram,"porcelain,powder,metal-ceramic,dental",,,,100,,,G-Ceram MF Opaque Powder - C4 - 50g,"G-CERAM MF Metal-Ceramic is a natural feldspathic porcelain powder, which is used to make metal sub-structured porcelain crowns and bridges, porcelain veneer an",pt0100c4,simple,PT0100C4,True,False
G-Ceram MF Opaque Powder - C4 - 120g,PT0200C4,"G-CERAM MF Metal-Ceramic is a natural feldspathic porcelain powder, which is used to make metal sub-structured porcelain crowns and bridges, porcelain veneer and dental inlays-onlays.
Thanks to its modelling ease of use, G-CERAM MF is a reliable ceramic powder for veneering, especially recommended for laboratories whose priority is rapidity and accuracy.",Labside > Porcelain Powder,G-Ceram,"porcelain,powder,metal-ceramic,dental",,,,100,,,G-Ceram MF Opaque Powder - C4 - 120g,"G-CERAM MF Metal-Ceramic is a natural feldspathic porcelain powder, which is used to make metal sub-structured porcelain crowns and bridges, porcelain veneer an",pt0200c4,simple,PT0200C4,True,False
G-Ceram MF Opaque Powder - C4 - 200g,PT0300C4,"G-CERAM MF Metal-Ceramic is a natural feldspathic porcelain powder, which is used to make metal sub-structured porcelain crowns and bridges, porcelain veneer and dental inlays-onlays.
Thanks to its modelling ease of use, G-CERAM MF is a reliable ceramic powder for veneering, especially recommended for laboratories whose priority is rapidity and accuracy.",Labside > Porcelain Powder,G-Ceram,"porcelain,powder,metal-ceramic,dental",,,,100,,,G-Ceram MF Opaque Powder - C4 - 200g,"G-CERAM MF Metal-Ceramic is a natural feldspathic porcelain powder, which is used to make metal sub-structured porcelain crowns and bridges, porcelain veneer an",pt0300c4,simple,PT0300C4,True,False
G-Ceram MF Opaque Powder - C4 - 500g,PT0400C4,"G-CERAM MF Metal-Ceramic is a natural feldspathic porcelain powder, which is used to make metal sub-structured porcelain crowns and bridges, porcelain veneer and dental inlays-onlays.
Thanks to its modelling ease of use, G-CERAM MF is a reliable ceramic powder for veneering, especially recommended for laboratories whose priority is rapidity and accuracy.",Labside > Porcelain Powder,G-Ceram,"porcelain,powder,metal-ceramic,dental",,,,100,,,G-Ceram MF Opaque Powder - C4 - 500g,"G-CERAM MF Metal-Ceramic is a natural feldspathic porcelain powder, which is used to make metal sub-structured porcelain crowns and bridges, porcelain veneer an",pt0400c4,simple,PT0400C4,True,False
G-Ceram MF Opaque Powder - D2 - 50g,PT0100D2,"G-CERAM MF Metal-Ceramic is a natural feldspathic porcelain powder, which is used to make metal sub-structured porcelain crowns and bridges, porcelain veneer and dental inlays-onlays.
Thanks to its modelling ease of use, G-CERAM MF is a reliable ceramic powder for veneering, especially recommended for laboratories whose priority is rapidity and accuracy.",Labside > Porcelain Powder,G-Ceram,"porcelain,powder,metal-ceramic,dental",,,,100,,,G-Ceram MF Opaque Powder - D2 - 50g,"G-CERAM MF Metal-Ceramic is a natural feldspathic porcelain powder, which is used to make metal sub-structured porcelain crowns and bridges, porcelain veneer an",pt0100d2,simple,PT0100D2,True,False
G-Ceram MF Opaque Powder - D2 - 120g,PT0200D2,"G-CERAM MF Metal-Ceramic is a natural feldspathic porcelain powder, which is used to make metal sub-structured porcelain crowns and bridges, porcelain veneer and dental inlays-onlays.
Thanks to its modelling ease of use, G-CERAM MF is a reliable ceramic powder for veneering, especially recommended for laboratories whose priority is rapidity and accuracy.",Labside > Porcelain Powder,G-Ceram,"porcelain,powder,metal-ceramic,dental",,,,100,,,G-Ceram MF Opaque Powder - D2 - 120g,"G-CERAM MF Metal-Ceramic is a natural feldspathic porcelain powder, which is used to make metal sub-structured porcelain crowns and bridges, porcelain veneer an",pt0200d2,simple,PT0200D2,True,False
G-Ceram MF Opaque Powder - D2 - 200g,PT0300D2,"G-CERAM MF Metal-Ceramic is a natural feldspathic porcelain powder, which is used to make metal sub-structured porcelain crowns and bridges, porcelain veneer and dental inlays-onlays.
Thanks to its modelling ease of use, G-CERAM MF is a reliable ceramic powder for veneering, especially recommended for laboratories whose priority is rapidity and accuracy.",Labside > Porcelain Powder,G-Ceram,"porcelain,powder,metal-ceramic,dental",,,,100,,,G-Ceram MF Opaque Powder - D2 - 200g,"G-CERAM MF Metal-Ceramic is a natural feldspathic porcelain powder, which is used to make metal sub-structured porcelain crowns and bridges, porcelain veneer an",pt0300d2,simple,PT0300D2,True,False
G-Ceram MF Opaque Powder - D2 - 500g,PT0400D2,"G-CERAM MF Metal-Ceramic is a natural feldspathic porcelain powder, which is used to make metal sub-structured porcelain crowns and bridges, porcelain veneer and dental inlays-onlays.
Thanks to its modelling ease of use, G-CERAM MF is a reliable ceramic powder for veneering, especially recommended for laboratories whose priority is rapidity and accuracy.",Labside > Porcelain Powder,G-Ceram,"porcelain,powder,metal-ceramic,dental",,,,100,,,G-Ceram MF Opaque Powder - D2 - 500g,"G-CERAM MF Metal-Ceramic is a natural feldspathic porcelain powder, which is used to make metal sub-structured porcelain crowns and bridges, porcelain veneer an",pt0400d2,simple,PT0400D2,True,False
G-Ceram MF Opaque Powder - D3 - 50g,PT0100D3,"G-CERAM MF Metal-Ceramic is a natural feldspathic porcelain powder, which is used to make metal sub-structured porcelain crowns and bridges, porcelain veneer and dental inlays-onlays.
Thanks to its modelling ease of use, G-CERAM MF is a reliable ceramic powder for veneering, especially recommended for laboratories whose priority is rapidity and accuracy.",Labside > Porcelain Powder,G-Ceram,"porcelain,powder,metal-ceramic,dental",,,,100,,,G-Ceram MF Opaque Powder - D3 - 50g,"G-CERAM MF Metal-Ceramic is a natural feldspathic porcelain powder, which is used to make metal sub-structured porcelain crowns and bridges, porcelain veneer an",pt0100d3,simple,PT0100D3,True,False
G-Ceram MF Opaque Powder - D3 - 120g,PT0200D3,"G-CERAM MF Metal-Ceramic is a natural feldspathic porcelain powder, which is used to make metal sub-structured porcelain crowns and bridges, porcelain veneer and dental inlays-onlays.
Thanks to its modelling ease of use, G-CERAM MF is a reliable ceramic powder for veneering, especially recommended for laboratories whose priority is rapidity and accuracy.",Labside > Porcelain Powder,G-Ceram,"porcelain,powder,metal-ceramic,dental",,,,100,,,G-Ceram MF Opaque Powder - D3 - 120g,"G-CERAM MF Metal-Ceramic is a natural feldspathic porcelain powder, which is used to make metal sub-structured porcelain crowns and bridges, porcelain veneer an",pt0200d3,simple,PT0200D3,True,False
G-Ceram MF Opaque Powder - D3 - 200g,PT0300D3,"G-CERAM MF Metal-Ceramic is a natural feldspathic porcelain powder, which is used to make metal sub-structured porcelain crowns and bridges, porcelain veneer and dental inlays-onlays.
Thanks to its modelling ease of use, G-CERAM MF is a reliable ceramic powder for veneering, especially recommended for laboratories whose priority is rapidity and accuracy.",Labside > Porcelain Powder,G-Ceram,"porcelain,powder,metal-ceramic,dental",,,,100,,,G-Ceram MF Opaque Powder - D3 - 200g,"G-CERAM MF Metal-Ceramic is a natural feldspathic porcelain powder, which is used to make metal sub-structured porcelain crowns and bridges, porcelain veneer an",pt0300d3,simple,PT0300D3,True,False
G-Ceram MF Opaque Powder - D3 - 500g,PT0400D3,"G-CERAM MF Metal-Ceramic is a natural feldspathic porcelain powder, which is used to make metal sub-structured porcelain crowns and bridges, porcelain veneer and dental inlays-onlays.
Thanks to its modelling ease of use, G-CERAM MF is a reliable ceramic powder for veneering, especially recommended for laboratories whose priority is rapidity and accuracy.",Labside > Porcelain Powder,G-Ceram,"porcelain,powder,metal-ceramic,dental",,,,100,,,G-Ceram MF Opaque Powder - D3 - 500g,"G-CERAM MF Metal-Ceramic is a natural feldspathic porcelain powder, which is used to make metal sub-structured porcelain crowns and bridges, porcelain veneer an",pt0400d3,simple,PT0400D3,True,False
G-Ceram MF Opaque Powder - D4 - 50g,PT0100D4,"G-CERAM MF Metal-Ceramic is a natural feldspathic porcelain powder, which is used to make metal sub-structured porcelain crowns and bridges, porcelain veneer and dental inlays-onlays.
Thanks to its modelling ease of use, G-CERAM MF is a reliable ceramic powder for veneering, especially recommended for laboratories whose priority is rapidity and accuracy.",Labside > Porcelain Powder,G-Ceram,"porcelain,powder,metal-ceramic,dental",,,,100,,,G-Ceram MF Opaque Powder - D4 - 50g,"G-CERAM MF Metal-Ceramic is a natural feldspathic porcelain powder, which is used to make metal sub-structured porcelain crowns and bridges, porcelain veneer an",pt0100d4,simple,PT0100D4,True,False
G-Ceram MF Opaque Powder - D4 - 120g,PT0200D4,"G-CERAM MF Metal-Ceramic is a natural feldspathic porcelain powder, which is used to make metal sub-structured porcelain crowns and bridges, porcelain veneer and dental inlays-onlays.
Thanks to its modelling ease of use, G-CERAM MF is a reliable ceramic powder for veneering, especially recommended for laboratories whose priority is rapidity and accuracy.",Labside > Porcelain Powder,G-Ceram,"porcelain,powder,metal-ceramic,dental",,,,100,,,G-Ceram MF Opaque Powder - D4 - 120g,"G-CERAM MF Metal-Ceramic is a natural feldspathic porcelain powder, which is used to make metal sub-structured porcelain crowns and bridges, porcelain veneer an",pt0200d4,simple,PT0200D4,True,False
G-Ceram MF Opaque Powder - D4 - 200g,PT0300D4,"G-CERAM MF Metal-Ceramic is a natural feldspathic porcelain powder, which is used to make metal sub-structured porcelain crowns and bridges, porcelain veneer and dental inlays-onlays.
Thanks to its modelling ease of use, G-CERAM MF is a reliable ceramic powder for veneering, especially recommended for laboratories whose priority is rapidity and accuracy.",Labside > Porcelain Powder,G-Ceram,"porcelain,powder,metal-ceramic,dental",,,,100,,,G-Ceram MF Opaque Powder - D4 - 200g,"G-CERAM MF Metal-Ceramic is a natural feldspathic porcelain powder, which is used to make metal sub-structured porcelain crowns and bridges, porcelain veneer an",pt0300d4,simple,PT0300D4,True,False
G-Ceram MF Opaque Powder - D4 - 500g,PT0400D4,"G-CERAM MF Metal-Ceramic is a natural feldspathic porcelain powder, which is used to make metal sub-structured porcelain crowns and bridges, porcelain veneer and dental inlays-onlays.
Thanks to its modelling ease of use, G-CERAM MF is a reliable ceramic powder for veneering, especially recommended for laboratories whose priority is rapidity and accuracy.",Labside > Porcelain Powder,G-Ceram,"porcelain,powder,metal-ceramic,dental",,,,100,,,G-Ceram MF Opaque Powder - D4 - 500g,"G-CERAM MF Metal-Ceramic is a natural feldspathic porcelain powder, which is used to make metal sub-structured porcelain crowns and bridges, porcelain veneer an",pt0400d4,simple,PT0400D4,True,False
G-Ceram MF Dentine Powder - A0 - 50g,PT0120A0,"G-CERAM MF Metal-Ceramic is a natural feldspathic porcelain powder, which is used to make metal sub-structured porcelain crowns and bridges, porcelain veneer and dental inlays-onlays.
Thanks to its modelling ease of use, G-CERAM MF is a reliable ceramic powder for veneering, especially recommended for laboratories whose priority is rapidity and accuracy.",Labside > Porcelain Powder,G-Ceram,"porcelain,powder,metal-ceramic,dental",,,,100,,,G-Ceram MF Dentine Powder - A0 - 50g,"G-CERAM MF Metal-Ceramic is a natural feldspathic porcelain powder, which is used to make metal sub-structured porcelain crowns and bridges, porcelain veneer an",pt0120a0,simple,PT0120A0,True,False
G-Ceram MF Dentine Powder - A0 - 120g,PT0220A0,"G-CERAM MF Metal-Ceramic is a natural feldspathic porcelain powder, which is used to make metal sub-structured porcelain crowns and bridges, porcelain veneer and dental inlays-onlays.
Thanks to its modelling ease of use, G-CERAM MF is a reliable ceramic powder for veneering, especially recommended for laboratories whose priority is rapidity and accuracy.",Labside > Porcelain Powder,G-Ceram,"porcelain,powder,metal-ceramic,dental",,,,100,,,G-Ceram MF Dentine Powder - A0 - 120g,"G-CERAM MF Metal-Ceramic is a natural feldspathic porcelain powder, which is used to make metal sub-structured porcelain crowns and bridges, porcelain veneer an",pt0220a0,simple,PT0220A0,True,False
G-Ceram MF Dentine Powder - A0 - 200g,PT0320A0,"G-CERAM MF Metal-Ceramic is a natural feldspathic porcelain powder, which is used to make metal sub-structured porcelain crowns and bridges, porcelain veneer and dental inlays-onlays.
Thanks to its modelling ease of use, G-CERAM MF is a reliable ceramic powder for veneering, especially recommended for laboratories whose priority is rapidity and accuracy.",Labside > Porcelain Powder,G-Ceram,"porcelain,powder,metal-ceramic,dental",,,,100,,,G-Ceram MF Dentine Powder - A0 - 200g,"G-CERAM MF Metal-Ceramic is a natural feldspathic porcelain powder, which is used to make metal sub-structured porcelain crowns and bridges, porcelain veneer an",pt0320a0,simple,PT0320A0,True,False
G-Ceram MF Dentine Powder - A0 - 500g,PT0420A0,"G-CERAM MF Metal-Ceramic is a natural feldspathic porcelain powder, which is used to make metal sub-structured porcelain crowns and bridges, porcelain veneer and dental inlays-onlays.
Thanks to its modelling ease of use, G-CERAM MF is a reliable ceramic powder for veneering, especially recommended for laboratories whose priority is rapidity and accuracy.",Labside > Porcelain Powder,G-Ceram,"porcelain,powder,metal-ceramic,dental",,,,100,,,G-Ceram MF Dentine Powder - A0 - 500g,"G-CERAM MF Metal-Ceramic is a natural feldspathic porcelain powder, which is used to make metal sub-structured porcelain crowns and bridges, porcelain veneer an",pt0420a0,simple,PT0420A0,True,False
G-Ceram MF Dentine Powder - A1 - 50g,PT0120A1,"G-CERAM MF Metal-Ceramic is a natural feldspathic porcelain powder, which is used to make metal sub-structured porcelain crowns and bridges, porcelain veneer and dental inlays-onlays.
Thanks to its modelling ease of use, G-CERAM MF is a reliable ceramic powder for veneering, especially recommended for laboratories whose priority is rapidity and accuracy.",Labside > Porcelain Powder,G-Ceram,"porcelain,powder,metal-ceramic,dental",,,,100,,,G-Ceram MF Dentine Powder - A1 - 50g,"G-CERAM MF Metal-Ceramic is a natural feldspathic porcelain powder, which is used to make metal sub-structured porcelain crowns and bridges, porcelain veneer an",pt0120a1,simple,PT0120A1,True,False
G-Ceram MF Dentine Powder - A1 - 120g,PT0220A1,"G-CERAM MF Metal-Ceramic is a natural feldspathic porcelain powder, which is used to make metal sub-structured porcelain crowns and bridges, porcelain veneer and dental inlays-onlays.
Thanks to its modelling ease of use, G-CERAM MF is a reliable ceramic powder for veneering, especially recommended for laboratories whose priority is rapidity and accuracy.",Labside > Porcelain Powder,G-Ceram,"porcelain,powder,metal-ceramic,dental",,,,100,,,G-Ceram MF Dentine Powder - A1 - 120g,"G-CERAM MF Metal-Ceramic is a natural feldspathic porcelain powder, which is used to make metal sub-structured porcelain crowns and bridges, porcelain veneer an",pt0220a1,simple,PT0220A1,True,False
G-Ceram MF Dentine Powder - A1 - 200g,PT0320A1,"G-CERAM MF Metal-Ceramic is a natural feldspathic porcelain powder, which is used to make metal sub-structured porcelain crowns and bridges, porcelain veneer and dental inlays-onlays.
Thanks to its modelling ease of use, G-CERAM MF is a reliable ceramic powder for veneering, especially recommended for laboratories whose priority is rapidity and accuracy.",Labside > Porcelain Powder,G-Ceram,"porcelain,powder,metal-ceramic,dental",,,,100,,,G-Ceram MF Dentine Powder - A1 - 200g,"G-CERAM MF Metal-Ceramic is a natural feldspathic porcelain powder, which is used to make metal sub-structured porcelain crowns and bridges, porcelain veneer an",pt0320a1,simple,PT0320A1,True,False
G-Ceram MF Dentine Powder - A1 - 500g,PT0420A1,"G-CERAM MF Metal-Ceramic is a natural feldspathic porcelain powder, which is used to make metal sub-structured porcelain crowns and bridges, porcelain veneer and dental inlays-onlays.
Thanks to its modelling ease of use, G-CERAM MF is a reliable ceramic powder for veneering, especially recommended for laboratories whose priority is rapidity and accuracy.",Labside > Porcelain Powder,G-Ceram,"porcelain,powder,metal-ceramic,dental",,,,100,,,G-Ceram MF Dentine Powder - A1 - 500g,"G-CERAM MF Metal-Ceramic is a natural feldspathic porcelain powder, which is used to make metal sub-structured porcelain crowns and bridges, porcelain veneer an",pt0420a1,simple,PT0420A1,True,False
G-Ceram MF Dentine Powder - A2 - 50g,PT0120A2,"G-CERAM MF Metal-Ceramic is a natural feldspathic porcelain powder, which is used to make metal sub-structured porcelain crowns and bridges, porcelain veneer and dental inlays-onlays.
Thanks to its modelling ease of use, G-CERAM MF is a reliable ceramic powder for veneering, especially recommended for laboratories whose priority is rapidity and accuracy.",Labside > Porcelain Powder,G-Ceram,"porcelain,powder,metal-ceramic,dental",,,,100,,,G-Ceram MF Dentine Powder - A2 - 50g,"G-CERAM MF Metal-Ceramic is a natural feldspathic porcelain powder, which is used to make metal sub-structured porcelain crowns and bridges, porcelain veneer an",pt0120a2,simple,PT0120A2,True,False
G-Ceram MF Dentine Powder - A2 - 120g,PT0220A2,"G-CERAM MF Metal-Ceramic is a natural feldspathic porcelain powder, which is used to make metal sub-structured porcelain crowns and bridges, porcelain veneer and dental inlays-onlays.
Thanks to its modelling ease of use, G-CERAM MF is a reliable ceramic powder for veneering, especially recommended for laboratories whose priority is rapidity and accuracy.",Labside > Porcelain Powder,G-Ceram,"porcelain,powder,metal-ceramic,dental",,,,100,,,G-Ceram MF Dentine Powder - A2 - 120g,"G-CERAM MF Metal-Ceramic is a natural feldspathic porcelain powder, which is used to make metal sub-structured porcelain crowns and bridges, porcelain veneer an",pt0220a2,simple,PT0220A2,True,False
G-Ceram MF Dentine Powder - A2 - 200g,PT0320A2,"G-CERAM MF Metal-Ceramic is a natural feldspathic porcelain powder, which is used to make metal sub-structured porcelain crowns and bridges, porcelain veneer and dental inlays-onlays.
Thanks to its modelling ease of use, G-CERAM MF is a reliable ceramic powder for veneering, especially recommended for laboratories whose priority is rapidity and accuracy.",Labside > Porcelain Powder,G-Ceram,"porcelain,powder,metal-ceramic,dental",,,,100,,,G-Ceram MF Dentine Powder - A2 - 200g,"G-CERAM MF Metal-Ceramic is a natural feldspathic porcelain powder, which is used to make metal sub-structured porcelain crowns and bridges, porcelain veneer an",pt0320a2,simple,PT0320A2,True,False
G-Ceram MF Dentine Powder - A2 - 500g,PT0420A2,"G-CERAM MF Metal-Ceramic is a natural feldspathic porcelain powder, which is used to make metal sub-structured porcelain crowns and bridges, porcelain veneer and dental inlays-onlays.
Thanks to its modelling ease of use, G-CERAM MF is a reliable ceramic powder for veneering, especially recommended for laboratories whose priority is rapidity and accuracy.",Labside > Porcelain Powder,G-Ceram,"porcelain,powder,metal-ceramic,dental",,,,100,,,G-Ceram MF Dentine Powder - A2 - 500g,"G-CERAM MF Metal-Ceramic is a natural feldspathic porcelain powder, which is used to make metal sub-structured porcelain crowns and bridges, porcelain veneer an",pt0420a2,simple,PT0420A2,True,False
G-Ceram MF Dentine Powder - A3 - 50g,PT0120A3,"G-CERAM MF Metal-Ceramic is a natural feldspathic porcelain powder, which is used to make metal sub-structured porcelain crowns and bridges, porcelain veneer and dental inlays-onlays.
Thanks to its modelling ease of use, G-CERAM MF is a reliable ceramic powder for veneering, especially recommended for laboratories whose priority is rapidity and accuracy.",Labside > Porcelain Powder,G-Ceram,"porcelain,powder,metal-ceramic,dental",,,,100,,,G-Ceram MF Dentine Powder - A3 - 50g,"G-CERAM MF Metal-Ceramic is a natural feldspathic porcelain powder, which is used to make metal sub-structured porcelain crowns and bridges, porcelain veneer an",pt0120a3,simple,PT0120A3,True,False
G-Ceram MF Dentine Powder - A3 - 120g,PT0220A3,"G-CERAM MF Metal-Ceramic is a natural feldspathic porcelain powder, which is used to make metal sub-structured porcelain crowns and bridges, porcelain veneer and dental inlays-onlays.
Thanks to its modelling ease of use, G-CERAM MF is a reliable ceramic powder for veneering, especially recommended for laboratories whose priority is rapidity and accuracy.",Labside > Porcelain Powder,G-Ceram,"porcelain,powder,metal-ceramic,dental",,,,100,,,G-Ceram MF Dentine Powder - A3 - 120g,"G-CERAM MF Metal-Ceramic is a natural feldspathic porcelain powder, which is used to make metal sub-structured porcelain crowns and bridges, porcelain veneer an",pt0220a3,simple,PT0220A3,True,False
G-Ceram MF Dentine Powder - A3 - 200g,PT0320A3,"G-CERAM MF Metal-Ceramic is a natural feldspathic porcelain powder, which is used to make metal sub-structured porcelain crowns and bridges, porcelain veneer and dental inlays-onlays.
Thanks to its modelling ease of use, G-CERAM MF is a reliable ceramic powder for veneering, especially recommended for laboratories whose priority is rapidity and accuracy.",Labside > Porcelain Powder,G-Ceram,"porcelain,powder,metal-ceramic,dental",,,,100,,,G-Ceram MF Dentine Powder - A3 - 200g,"G-CERAM MF Metal-Ceramic is a natural feldspathic porcelain powder, which is used to make metal sub-structured porcelain crowns and bridges, porcelain veneer an",pt0320a3,simple,PT0320A3,True,False
G-Ceram MF Dentine Powder - A3 - 500g,PT0420A3,"G-CERAM MF Metal-Ceramic is a natural feldspathic porcelain powder, which is used to make metal sub-structured porcelain crowns and bridges, porcelain veneer and dental inlays-onlays.
Thanks to its modelling ease of use, G-CERAM MF is a reliable ceramic powder for veneering, especially recommended for laboratories whose priority is rapidity and accuracy.",Labside > Porcelain Powder,G-Ceram,"porcelain,powder,metal-ceramic,dental",,,,100,,,G-Ceram MF Dentine Powder - A3 - 500g,"G-CERAM MF Metal-Ceramic is a natural feldspathic porcelain powder, which is used to make metal sub-structured porcelain crowns and bridges, porcelain veneer an",pt0420a3,simple,PT0420A3,True,False
G-Ceram MF Dentine Powder - A3.5 - 50g,PT0120A3.5,"G-CERAM MF Metal-Ceramic is a natural feldspathic porcelain powder, which is used to make metal sub-structured porcelain crowns and bridges, porcelain veneer and dental inlays-onlays.
Thanks to its modelling ease of use, G-CERAM MF is a reliable ceramic powder for veneering, especially recommended for laboratories whose priority is rapidity and accuracy.",Labside > Porcelain Powder,G-Ceram,"porcelain,powder,metal-ceramic,dental",,,,100,,,G-Ceram MF Dentine Powder - A3.5 - 50g,"G-CERAM MF Metal-Ceramic is a natural feldspathic porcelain powder, which is used to make metal sub-structured porcelain crowns and bridges, porcelain veneer an",pt0120a3.5,simple,PT0120A3.5,True,False
G-Ceram MF Dentine Powder - A3.5 - 120g,PT0220A3.5,"G-CERAM MF Metal-Ceramic is a natural feldspathic porcelain powder, which is used to make metal sub-structured porcelain crowns and bridges, porcelain veneer and dental inlays-onlays.
Thanks to its modelling ease of use, G-CERAM MF is a reliable ceramic powder for veneering, especially recommended for laboratories whose priority is rapidity and accuracy.",Labside > Porcelain Powder,G-Ceram,"porcelain,powder,metal-ceramic,dental",,,,100,,,G-Ceram MF Dentine Powder - A3.5 - 120g,"G-CERAM MF Metal-Ceramic is a natural feldspathic porcelain powder, which is used to make metal sub-structured porcelain crowns and bridges, porcelain veneer an",pt0220a3.5,simple,PT0220A3.5,True,False
G-Ceram MF Dentine Powder - A3.5 - 200g,PT0320A3.5,"G-CERAM MF Metal-Ceramic is a natural feldspathic porcelain powder, which is used to make metal sub-structured porcelain crowns and bridges, porcelain veneer and dental inlays-onlays.
Thanks to its modelling ease of use, G-CERAM MF is a reliable ceramic powder for veneering, especially recommended for laboratories whose priority is rapidity and accuracy.",Labside > Porcelain Powder,G-Ceram,"porcelain,powder,metal-ceramic,dental",,,,100,,,G-Ceram MF Dentine Powder - A3.5 - 200g,"G-CERAM MF Metal-Ceramic is a natural feldspathic porcelain powder, which is used to make metal sub-structured porcelain crowns and bridges, porcelain veneer an",pt0320a3.5,simple,PT0320A3.5,True,False
G-Ceram MF Dentine Powder - A3.5 - 500g,PT0420A3.5,"G-CERAM MF Metal-Ceramic is a natural feldspathic porcelain powder, which is used to make metal sub-structured porcelain crowns and bridges, porcelain veneer and dental inlays-onlays.
Thanks to its modelling ease of use, G-CERAM MF is a reliable ceramic powder for veneering, especially recommended for laboratories whose priority is rapidity and accuracy.",Labside > Porcelain Powder,G-Ceram,"porcelain,powder,metal-ceramic,dental",,,,100,,,G-Ceram MF Dentine Powder - A3.5 - 500g,"G-CERAM MF Metal-Ceramic is a natural feldspathic porcelain powder, which is used to make metal sub-structured porcelain crowns and bridges, porcelain veneer an",pt0420a3.5,simple,PT0420A3.5,True,False
G-Ceram MF Dentine Powder - A4 - 50g,PT0120A4,"G-CERAM MF Metal-Ceramic is a natural feldspathic porcelain powder, which is used to make metal sub-structured porcelain crowns and bridges, porcelain veneer and dental inlays-onlays.
Thanks to its modelling ease of use, G-CERAM MF is a reliable ceramic powder for veneering, especially recommended for laboratories whose priority is rapidity and accuracy.",Labside > Porcelain Powder,G-Ceram,"porcelain,powder,metal-ceramic,dental",,,,100,,,G-Ceram MF Dentine Powder - A4 - 50g,"G-CERAM MF Metal-Ceramic is a natural feldspathic porcelain powder, which is used to make metal sub-structured porcelain crowns and bridges, porcelain veneer an",pt0120a4,simple,PT0120A4,True,False
G-Ceram MF Dentine Powder - A4 - 120g,PT0220A4,"G-CERAM MF Metal-Ceramic is a natural feldspathic porcelain powder, which is used to make metal sub-structured porcelain crowns and bridges, porcelain veneer and dental inlays-onlays.
Thanks to its modelling ease of use, G-CERAM MF is a reliable ceramic powder for veneering, especially recommended for laboratories whose priority is rapidity and accuracy.",Labside > Porcelain Powder,G-Ceram,"porcelain,powder,metal-ceramic,dental",,,,100,,,G-Ceram MF Dentine Powder - A4 - 120g,"G-CERAM MF Metal-Ceramic is a natural feldspathic porcelain powder, which is used to make metal sub-structured porcelain crowns and bridges, porcelain veneer an",pt0220a4,simple,PT0220A4,True,False
G-Ceram MF Dentine Powder - A4 - 200g,PT0320A4,"G-CERAM MF Metal-Ceramic is a natural feldspathic porcelain powder, which is used to make metal sub-structured porcelain crowns and bridges, porcelain veneer and dental inlays-onlays.
Thanks to its modelling ease of use, G-CERAM MF is a reliable ceramic powder for veneering, especially recommended for laboratories whose priority is rapidity and accuracy.",Labside > Porcelain Powder,G-Ceram,"porcelain,powder,metal-ceramic,dental",,,,100,,,G-Ceram MF Dentine Powder - A4 - 200g,"G-CERAM MF Metal-Ceramic is a natural feldspathic porcelain powder, which is used to make metal sub-structured porcelain crowns and bridges, porcelain veneer an",pt0320a4,simple,PT0320A4,True,False
G-Ceram MF Dentine Powder - A4 - 500g,PT0420A4,"G-CERAM MF Metal-Ceramic is a natural feldspathic porcelain powder, which is used to make metal sub-structured porcelain crowns and bridges, porcelain veneer and dental inlays-onlays.
Thanks to its modelling ease of use, G-CERAM MF is a reliable ceramic powder for veneering, especially recommended for laboratories whose priority is rapidity and accuracy.",Labside > Porcelain Powder,G-Ceram,"porcelain,powder,metal-ceramic,dental",,,,100,,,G-Ceram MF Dentine Powder - A4 - 500g,"G-CERAM MF Metal-Ceramic is a natural feldspathic porcelain powder, which is used to make metal sub-structured porcelain crowns and bridges, porcelain veneer an",pt0420a4,simple,PT0420A4,True,False
G-Ceram MF Dentine Powder - B1 - 50g,PT0120B1,"G-CERAM MF Metal-Ceramic is a natural feldspathic porcelain powder, which is used to make metal sub-structured porcelain crowns and bridges, porcelain veneer and dental inlays-onlays.
Thanks to its modelling ease of use, G-CERAM MF is a reliable ceramic powder for veneering, especially recommended for laboratories whose priority is rapidity and accuracy.",Labside > Porcelain Powder,G-Ceram,"porcelain,powder,metal-ceramic,dental",,,,100,,,G-Ceram MF Dentine Powder - B1 - 50g,"G-CERAM MF Metal-Ceramic is a natural feldspathic porcelain powder, which is used to make metal sub-structured porcelain crowns and bridges, porcelain veneer an",pt0120b1,simple,PT0120B1,True,False
G-Ceram MF Dentine Powder - B1 - 120g,PT0220B1,"G-CERAM MF Metal-Ceramic is a natural feldspathic porcelain powder, which is used to make metal sub-structured porcelain crowns and bridges, porcelain veneer and dental inlays-onlays.
Thanks to its modelling ease of use, G-CERAM MF is a reliable ceramic powder for veneering, especially recommended for laboratories whose priority is rapidity and accuracy.",Labside > Porcelain Powder,G-Ceram,"porcelain,powder,metal-ceramic,dental",,,,100,,,G-Ceram MF Dentine Powder - B1 - 120g,"G-CERAM MF Metal-Ceramic is a natural feldspathic porcelain powder, which is used to make metal sub-structured porcelain crowns and bridges, porcelain veneer an",pt0220b1,simple,PT0220B1,True,False
G-Ceram MF Dentine Powder - B1 - 200g,PT0320B1,"G-CERAM MF Metal-Ceramic is a natural feldspathic porcelain powder, which is used to make metal sub-structured porcelain crowns and bridges, porcelain veneer and dental inlays-onlays.
Thanks to its modelling ease of use, G-CERAM MF is a reliable ceramic powder for veneering, especially recommended for laboratories whose priority is rapidity and accuracy.",Labside > Porcelain Powder,G-Ceram,"porcelain,powder,metal-ceramic,dental",,,,100,,,G-Ceram MF Dentine Powder - B1 - 200g,"G-CERAM MF Metal-Ceramic is a natural feldspathic porcelain powder, which is used to make metal sub-structured porcelain crowns and bridges, porcelain veneer an",pt0320b1,simple,PT0320B1,True,False
G-Ceram MF Dentine Powder - B1 - 500g,PT0420B1,"G-CERAM MF Metal-Ceramic is a natural feldspathic porcelain powder, which is used to make metal sub-structured porcelain crowns and bridges, porcelain veneer and dental inlays-onlays.
Thanks to its modelling ease of use, G-CERAM MF is a reliable ceramic powder for veneering, especially recommended for laboratories whose priority is rapidity and accuracy.",Labside > Porcelain Powder,G-Ceram,"porcelain,powder,metal-ceramic,dental",,,,100,,,G-Ceram MF Dentine Powder - B1 - 500g,"G-CERAM MF Metal-Ceramic is a natural feldspathic porcelain powder, which is used to make metal sub-structured porcelain crowns and bridges, porcelain veneer an",pt0420b1,simple,PT0420B1,True,False
G-Ceram MF Dentine Powder - B2 - 50g,PT0120B2,"G-CERAM MF Metal-Ceramic is a natural feldspathic porcelain powder, which is used to make metal sub-structured porcelain crowns and bridges, porcelain veneer and dental inlays-onlays.
Thanks to its modelling ease of use, G-CERAM MF is a reliable ceramic powder for veneering, especially recommended for laboratories whose priority is rapidity and accuracy.",Labside > Porcelain Powder,G-Ceram,"porcelain,powder,metal-ceramic,dental",,,,100,,,G-Ceram MF Dentine Powder - B2 - 50g,"G-CERAM MF Metal-Ceramic is a natural feldspathic porcelain powder, which is used to make metal sub-structured porcelain crowns and bridges, porcelain veneer an",pt0120b2,simple,PT0120B2,True,False
G-Ceram MF Dentine Powder - B2 - 120g,PT0220B2,"G-CERAM MF Metal-Ceramic is a natural feldspathic porcelain powder, which is used to make metal sub-structured porcelain crowns and bridges, porcelain veneer and dental inlays-onlays.
Thanks to its modelling ease of use, G-CERAM MF is a reliable ceramic powder for veneering, especially recommended for laboratories whose priority is rapidity and accuracy.",Labside > Porcelain Powder,G-Ceram,"porcelain,powder,metal-ceramic,dental",,,,100,,,G-Ceram MF Dentine Powder - B2 - 120g,"G-CERAM MF Metal-Ceramic is a natural feldspathic porcelain powder, which is used to make metal sub-structured porcelain crowns and bridges, porcelain veneer an",pt0220b2,simple,PT0220B2,True,False
G-Ceram MF Dentine Powder - B2 - 200g,PT0320B2,"G-CERAM MF Metal-Ceramic is a natural feldspathic porcelain powder, which is used to make metal sub-structured porcelain crowns and bridges, porcelain veneer and dental inlays-onlays.
Thanks to its modelling ease of use, G-CERAM MF is a reliable ceramic powder for veneering, especially recommended for laboratories whose priority is rapidity and accuracy.",Labside > Porcelain Powder,G-Ceram,"porcelain,powder,metal-ceramic,dental",,,,100,,,G-Ceram MF Dentine Powder - B2 - 200g,"G-CERAM MF Metal-Ceramic is a natural feldspathic porcelain powder, which is used to make metal sub-structured porcelain crowns and bridges, porcelain veneer an",pt0320b2,simple,PT0320B2,True,False
G-Ceram MF Dentine Powder - B2 - 500g,PT0420B2,"G-CERAM MF Metal-Ceramic is a natural feldspathic porcelain powder, which is used to make metal sub-structured porcelain crowns and bridges, porcelain veneer and dental inlays-onlays.
Thanks to its modelling ease of use, G-CERAM MF is a reliable ceramic powder for veneering, especially recommended for laboratories whose priority is rapidity and accuracy.",Labside > Porcelain Powder,G-Ceram,"porcelain,powder,metal-ceramic,dental",,,,100,,,G-Ceram MF Dentine Powder - B2 - 500g,"G-CERAM MF Metal-Ceramic is a natural feldspathic porcelain powder, which is used to make metal sub-structured porcelain crowns and bridges, porcelain veneer an",pt0420b2,simple,PT0420B2,True,False
G-Ceram MF Dentine Powder - B3 - 50g,PT0120B3,"G-CERAM MF Metal-Ceramic is a natural feldspathic porcelain powder, which is used to make metal sub-structured porcelain crowns and bridges, porcelain veneer and dental inlays-onlays.
Thanks to its modelling ease of use, G-CERAM MF is a reliable ceramic powder for veneering, especially recommended for laboratories whose priority is rapidity and accuracy.",Labside > Porcelain Powder,G-Ceram,"porcelain,powder,metal-ceramic,dental",,,,100,,,G-Ceram MF Dentine Powder - B3 - 50g,"G-CERAM MF Metal-Ceramic is a natural feldspathic porcelain powder, which is used to make metal sub-structured porcelain crowns and bridges, porcelain veneer an",pt0120b3,simple,PT0120B3,True,False
G-Ceram MF Dentine Powder - B3 - 120g,PT0220B3,"G-CERAM MF Metal-Ceramic is a natural feldspathic porcelain powder, which is used to make metal sub-structured porcelain crowns and bridges, porcelain veneer and dental inlays-onlays.
Thanks to its modelling ease of use, G-CERAM MF is a reliable ceramic powder for veneering, especially recommended for laboratories whose priority is rapidity and accuracy.",Labside > Porcelain Powder,G-Ceram,"porcelain,powder,metal-ceramic,dental",,,,100,,,G-Ceram MF Dentine Powder - B3 - 120g,"G-CERAM MF Metal-Ceramic is a natural feldspathic porcelain powder, which is used to make metal sub-structured porcelain crowns and bridges, porcelain veneer an",pt0220b3,simple,PT0220B3,True,False
G-Ceram MF Dentine Powder - B3 - 200g,PT0320B3,"G-CERAM MF Metal-Ceramic is a natural feldspathic porcelain powder, which is used to make metal sub-structured porcelain crowns and bridges, porcelain veneer and dental inlays-onlays.
Thanks to its modelling ease of use, G-CERAM MF is a reliable ceramic powder for veneering, especially recommended for laboratories whose priority is rapidity and accuracy.",Labside > Porcelain Powder,G-Ceram,"porcelain,powder,metal-ceramic,dental",,,,100,,,G-Ceram MF Dentine Powder - B3 - 200g,"G-CERAM MF Metal-Ceramic is a natural feldspathic porcelain powder, which is used to make metal sub-structured porcelain crowns and bridges, porcelain veneer an",pt0320b3,simple,PT0320B3,True,False
G-Ceram MF Dentine Powder - B3 - 500g,PT0420B3,"G-CERAM MF Metal-Ceramic is a natural feldspathic porcelain powder, which is used to make metal sub-structured porcelain crowns and bridges, porcelain veneer and dental inlays-onlays.
Thanks to its modelling ease of use, G-CERAM MF is a reliable ceramic powder for veneering, especially recommended for laboratories whose priority is rapidity and accuracy.",Labside > Porcelain Powder,G-Ceram,"porcelain,powder,metal-ceramic,dental",,,,100,,,G-Ceram MF Dentine Powder - B3 - 500g,"G-CERAM MF Metal-Ceramic is a natural feldspathic porcelain powder, which is used to make metal sub-structured porcelain crowns and bridges, porcelain veneer an",pt0420b3,simple,PT0420B3,True,False
G-Ceram MF Dentine Powder - B4 - 50g,PT0120B4,"G-CERAM MF Metal-Ceramic is a natural feldspathic porcelain powder, which is used to make metal sub-structured porcelain crowns and bridges, porcelain veneer and dental inlays-onlays.
Thanks to its modelling ease of use, G-CERAM MF is a reliable ceramic powder for veneering, especially recommended for laboratories whose priority is rapidity and accuracy.",Labside > Porcelain Powder,G-Ceram,"porcelain,powder,metal-ceramic,dental",,,,100,,,G-Ceram MF Dentine Powder - B4 - 50g,"G-CERAM MF Metal-Ceramic is a natural feldspathic porcelain powder, which is used to make metal sub-structured porcelain crowns and bridges, porcelain veneer an",pt0120b4,simple,PT0120B4,True,False
G-Ceram MF Dentine Powder - B4 - 120g,PT0220B4,"G-CERAM MF Metal-Ceramic is a natural feldspathic porcelain powder, which is used to make metal sub-structured porcelain crowns and bridges, porcelain veneer and dental inlays-onlays.
Thanks to its modelling ease of use, G-CERAM MF is a reliable ceramic powder for veneering, especially recommended for laboratories whose priority is rapidity and accuracy.",Labside > Porcelain Powder,G-Ceram,"porcelain,powder,metal-ceramic,dental",,,,100,,,G-Ceram MF Dentine Powder - B4 - 120g,"G-CERAM MF Metal-Ceramic is a natural feldspathic porcelain powder, which is used to make metal sub-structured porcelain crowns and bridges, porcelain veneer an",pt0220b4,simple,PT0220B4,True,False
G-Ceram MF Dentine Powder - B4 - 200g,PT0320B4,"G-CERAM MF Metal-Ceramic is a natural feldspathic porcelain powder, which is used to make metal sub-structured porcelain crowns and bridges, porcelain veneer and dental inlays-onlays.
Thanks to its modelling ease of use, G-CERAM MF is a reliable ceramic powder for veneering, especially recommended for laboratories whose priority is rapidity and accuracy.",Labside > Porcelain Powder,G-Ceram,"porcelain,powder,metal-ceramic,dental",,,,100,,,G-Ceram MF Dentine Powder - B4 - 200g,"G-CERAM MF Metal-Ceramic is a natural feldspathic porcelain powder, which is used to make metal sub-structured porcelain crowns and bridges, porcelain veneer an",pt0320b4,simple,PT0320B4,True,False
G-Ceram MF Dentine Powder - B4 - 500g,PT0420B4,"G-CERAM MF Metal-Ceramic is a natural feldspathic porcelain powder, which is used to make metal sub-structured porcelain crowns and bridges, porcelain veneer and dental inlays-onlays.
Thanks to its modelling ease of use, G-CERAM MF is a reliable ceramic powder for veneering, especially recommended for laboratories whose priority is rapidity and accuracy.",Labside > Porcelain Powder,G-Ceram,"porcelain,powder,metal-ceramic,dental",,,,100,,,G-Ceram MF Dentine Powder - B4 - 500g,"G-CERAM MF Metal-Ceramic is a natural feldspathic porcelain powder, which is used to make metal sub-structured porcelain crowns and bridges, porcelain veneer an",pt0420b4,simple,PT0420B4,True,False
G-Ceram MF Dentine Powder - C1 - 50g,PT0120C1,"G-CERAM MF Metal-Ceramic is a natural feldspathic porcelain powder, which is used to make metal sub-structured porcelain crowns and bridges, porcelain veneer and dental inlays-onlays.
Thanks to its modelling ease of use, G-CERAM MF is a reliable ceramic powder for veneering, especially recommended for laboratories whose priority is rapidity and accuracy.",Labside > Porcelain Powder,G-Ceram,"porcelain,powder,metal-ceramic,dental",,,,100,,,G-Ceram MF Dentine Powder - C1 - 50g,"G-CERAM MF Metal-Ceramic is a natural feldspathic porcelain powder, which is used to make metal sub-structured porcelain crowns and bridges, porcelain veneer an",pt0120c1,simple,PT0120C1,True,False
G-Ceram MF Dentine Powder - C1 - 120g,PT0220C1,"G-CERAM MF Metal-Ceramic is a natural feldspathic porcelain powder, which is used to make metal sub-structured porcelain crowns and bridges, porcelain veneer and dental inlays-onlays.
Thanks to its modelling ease of use, G-CERAM MF is a reliable ceramic powder for veneering, especially recommended for laboratories whose priority is rapidity and accuracy.",Labside > Porcelain Powder,G-Ceram,"porcelain,powder,metal-ceramic,dental",,,,100,,,G-Ceram MF Dentine Powder - C1 - 120g,"G-CERAM MF Metal-Ceramic is a natural feldspathic porcelain powder, which is used to make metal sub-structured porcelain crowns and bridges, porcelain veneer an",pt0220c1,simple,PT0220C1,True,False
G-Ceram MF Dentine Powder - C1 - 200g,PT0320C1,"G-CERAM MF Metal-Ceramic is a natural feldspathic porcelain powder, which is used to make metal sub-structured porcelain crowns and bridges, porcelain veneer and dental inlays-onlays.
Thanks to its modelling ease of use, G-CERAM MF is a reliable ceramic powder for veneering, especially recommended for laboratories whose priority is rapidity and accuracy.",Labside > Porcelain Powder,G-Ceram,"porcelain,powder,metal-ceramic,dental",,,,100,,,G-Ceram MF Dentine Powder - C1 - 200g,"G-CERAM MF Metal-Ceramic is a natural feldspathic porcelain powder, which is used to make metal sub-structured porcelain crowns and bridges, porcelain veneer an",pt0320c1,simple,PT0320C1,True,False
G-Ceram MF Dentine Powder - C1 - 500g,PT0420C1,"G-CERAM MF Metal-Ceramic is a natural feldspathic porcelain powder, which is used to make metal sub-structured porcelain crowns and bridges, porcelain veneer and dental inlays-onlays.
Thanks to its modelling ease of use, G-CERAM MF is a reliable ceramic powder for veneering, especially recommended for laboratories whose priority is rapidity and accuracy.",Labside > Porcelain Powder,G-Ceram,"porcelain,powder,metal-ceramic,dental",,,,100,,,G-Ceram MF Dentine Powder - C1 - 500g,"G-CERAM MF Metal-Ceramic is a natural feldspathic porcelain powder, which is used to make metal sub-structured porcelain crowns and bridges, porcelain veneer an",pt0420c1,simple,PT0420C1,True,False
G-Ceram MF Dentine Powder - C2 - 50g,PT0120C2,"G-CERAM MF Metal-Ceramic is a natural feldspathic porcelain powder, which is used to make metal sub-structured porcelain crowns and bridges, porcelain veneer and dental inlays-onlays.
Thanks to its modelling ease of use, G-CERAM MF is a reliable ceramic powder for veneering, especially recommended for laboratories whose priority is rapidity and accuracy.",Labside > Porcelain Powder,G-Ceram,"porcelain,powder,metal-ceramic,dental",,,,100,,,G-Ceram MF Dentine Powder - C2 - 50g,"G-CERAM MF Metal-Ceramic is a natural feldspathic porcelain powder, which is used to make metal sub-structured porcelain crowns and bridges, porcelain veneer an",pt0120c2,simple,PT0120C2,True,False
G-Ceram MF Dentine Powder - C2 - 120g,PT0220C2,"G-CERAM MF Metal-Ceramic is a natural feldspathic porcelain powder, which is used to make metal sub-structured porcelain crowns and bridges, porcelain veneer and dental inlays-onlays.
Thanks to its modelling ease of use, G-CERAM MF is a reliable ceramic powder for veneering, especially recommended for laboratories whose priority is rapidity and accuracy.",Labside > Porcelain Powder,G-Ceram,"porcelain,powder,metal-ceramic,dental",,,,100,,,G-Ceram MF Dentine Powder - C2 - 120g,"G-CERAM MF Metal-Ceramic is a natural feldspathic porcelain powder, which is used to make metal sub-structured porcelain crowns and bridges, porcelain veneer an",pt0220c2,simple,PT0220C2,True,False
G-Ceram MF Dentine Powder - C2 - 200g,PT0320C2,"G-CERAM MF Metal-Ceramic is a natural feldspathic porcelain powder, which is used to make metal sub-structured porcelain crowns and bridges, porcelain veneer and dental inlays-onlays.
Thanks to its modelling ease of use, G-CERAM MF is a reliable ceramic powder for veneering, especially recommended for laboratories whose priority is rapidity and accuracy.",Labside > Porcelain Powder,G-Ceram,"porcelain,powder,metal-ceramic,dental",,,,100,,,G-Ceram MF Dentine Powder - C2 - 200g,"G-CERAM MF Metal-Ceramic is a natural feldspathic porcelain powder, which is used to make metal sub-structured porcelain crowns and bridges, porcelain veneer an",pt0320c2,simple,PT0320C2,True,False
G-Ceram MF Dentine Powder - C2 - 500g,PT0420C2,"G-CERAM MF Metal-Ceramic is a natural feldspathic porcelain powder, which is used to make metal sub-structured porcelain crowns and bridges, porcelain veneer and dental inlays-onlays.
Thanks to its modelling ease of use, G-CERAM MF is a reliable ceramic powder for veneering, especially recommended for laboratories whose priority is rapidity and accuracy.",Labside > Porcelain Powder,G-Ceram,"porcelain,powder,metal-ceramic,dental",,,,100,,,G-Ceram MF Dentine Powder - C2 - 500g,"G-CERAM MF Metal-Ceramic is a natural feldspathic porcelain powder, which is used to make metal sub-structured porcelain crowns and bridges, porcelain veneer an",pt0420c2,simple,PT0420C2,True,False
G-Ceram MF Dentine Powder - C3 - 50g,PT0120C3,"G-CERAM MF Metal-Ceramic is a natural feldspathic porcelain powder, which is used to make metal sub-structured porcelain crowns and bridges, porcelain veneer and dental inlays-onlays.
Thanks to its modelling ease of use, G-CERAM MF is a reliable ceramic powder for veneering, especially recommended for laboratories whose priority is rapidity and accuracy.",Labside > Porcelain Powder,G-Ceram,"porcelain,powder,metal-ceramic,dental",,,,100,,,G-Ceram MF Dentine Powder - C3 - 50g,"G-CERAM MF Metal-Ceramic is a natural feldspathic porcelain powder, which is used to make metal sub-structured porcelain crowns and bridges, porcelain veneer an",pt0120c3,simple,PT0120C3,True,False
G-Ceram MF Dentine Powder - C3 - 120g,PT0220C3,"G-CERAM MF Metal-Ceramic is a natural feldspathic porcelain powder, which is used to make metal sub-structured porcelain crowns and bridges, porcelain veneer and dental inlays-onlays.
Thanks to its modelling ease of use, G-CERAM MF is a reliable ceramic powder for veneering, especially recommended for laboratories whose priority is rapidity and accuracy.",Labside > Porcelain Powder,G-Ceram,"porcelain,powder,metal-ceramic,dental",,,,100,,,G-Ceram MF Dentine Powder - C3 - 120g,"G-CERAM MF Metal-Ceramic is a natural feldspathic porcelain powder, which is used to make metal sub-structured porcelain crowns and bridges, porcelain veneer an",pt0220c3,simple,PT0220C3,True,False
G-Ceram MF Dentine Powder - C3 - 200g,PT0320C3,"G-CERAM MF Metal-Ceramic is a natural feldspathic porcelain powder, which is used to make metal sub-structured porcelain crowns and bridges, porcelain veneer and dental inlays-onlays.
Thanks to its modelling ease of use, G-CERAM MF is a reliable ceramic powder for veneering, especially recommended for laboratories whose priority is rapidity and accuracy.",Labside > Porcelain Powder,G-Ceram,"porcelain,powder,metal-ceramic,dental",,,,100,,,G-Ceram MF Dentine Powder - C3 - 200g,"G-CERAM MF Metal-Ceramic is a natural feldspathic porcelain powder, which is used to make metal sub-structured porcelain crowns and bridges, porcelain veneer an",pt0320c3,simple,PT0320C3,True,False
G-Ceram MF Dentine Powder - C3 - 500g,PT0420C3,"G-CERAM MF Metal-Ceramic is a natural feldspathic porcelain powder, which is used to make metal sub-structured porcelain crowns and bridges, porcelain veneer and dental inlays-onlays.
Thanks to its modelling ease of use, G-CERAM MF is a reliable ceramic powder for veneering, especially recommended for laboratories whose priority is rapidity and accuracy.",Labside > Porcelain Powder,G-Ceram,"porcelain,powder,metal-ceramic,dental",,,,100,,,G-Ceram MF Dentine Powder - C3 - 500g,"G-CERAM MF Metal-Ceramic is a natural feldspathic porcelain powder, which is used to make metal sub-structured porcelain crowns and bridges, porcelain veneer an",pt0420c3,simple,PT0420C3,True,False
G-Ceram MF Dentine Powder - C4 - 50g,PT0120C4,"G-CERAM MF Metal-Ceramic is a natural feldspathic porcelain powder, which is used to make metal sub-structured porcelain crowns and bridges, porcelain veneer and dental inlays-onlays.
Thanks to its modelling ease of use, G-CERAM MF is a reliable ceramic powder for veneering, especially recommended for laboratories whose priority is rapidity and accuracy.",Labside > Porcelain Powder,G-Ceram,"porcelain,powder,metal-ceramic,dental",,,,100,,,G-Ceram MF Dentine Powder - C4 - 50g,"G-CERAM MF Metal-Ceramic is a natural feldspathic porcelain powder, which is used to make metal sub-structured porcelain crowns and bridges, porcelain veneer an",pt0120c4,simple,PT0120C4,True,False
G-Ceram MF Dentine Powder - C4 - 120g,PT0220C4,"G-CERAM MF Metal-Ceramic is a natural feldspathic porcelain powder, which is used to make metal sub-structured porcelain crowns and bridges, porcelain veneer and dental inlays-onlays.
Thanks to its modelling ease of use, G-CERAM MF is a reliable ceramic powder for veneering, especially recommended for laboratories whose priority is rapidity and accuracy.",Labside > Porcelain Powder,G-Ceram,"porcelain,powder,metal-ceramic,dental",,,,100,,,G-Ceram MF Dentine Powder - C4 - 120g,"G-CERAM MF Metal-Ceramic is a natural feldspathic porcelain powder, which is used to make metal sub-structured porcelain crowns and bridges, porcelain veneer an",pt0220c4,simple,PT0220C4,True,False
G-Ceram MF Dentine Powder - C4 - 200g,PT0320C4,"G-CERAM MF Metal-Ceramic is a natural feldspathic porcelain powder, which is used to make metal sub-structured porcelain crowns and bridges, porcelain veneer and dental inlays-onlays.
Thanks to its modelling ease of use, G-CERAM MF is a reliable ceramic powder for veneering, especially recommended for laboratories whose priority is rapidity and accuracy.",Labside > Porcelain Powder,G-Ceram,"porcelain,powder,metal-ceramic,dental",,,,100,,,G-Ceram MF Dentine Powder - C4 - 200g,"G-CERAM MF Metal-Ceramic is a natural feldspathic porcelain powder, which is used to make metal sub-structured porcelain crowns and bridges, porcelain veneer an",pt0320c4,simple,PT0320C4,True,False
G-Ceram MF Dentine Powder - C4 - 500g,PT0420C4,"G-CERAM MF Metal-Ceramic is a natural feldspathic porcelain powder, which is used to make metal sub-structured porcelain crowns and bridges, porcelain veneer and dental inlays-onlays.
Thanks to its modelling ease of use, G-CERAM MF is a reliable ceramic powder for veneering, especially recommended for laboratories whose priority is rapidity and accuracy.",Labside > Porcelain Powder,G-Ceram,"porcelain,powder,metal-ceramic,dental",,,,100,,,G-Ceram MF Dentine Powder - C4 - 500g,"G-CERAM MF Metal-Ceramic is a natural feldspathic porcelain powder, which is used to make metal sub-structured porcelain crowns and bridges, porcelain veneer an",pt0420c4,simple,PT0420C4,True,False
G-Ceram MF Dentine Powder - D2 - 50g,PT0120D2,"G-CERAM MF Metal-Ceramic is a natural feldspathic porcelain powder, which is used to make metal sub-structured porcelain crowns and bridges, porcelain veneer and dental inlays-onlays.
Thanks to its modelling ease of use, G-CERAM MF is a reliable ceramic powder for veneering, especially recommended for laboratories whose priority is rapidity and accuracy.",Labside > Porcelain Powder,G-Ceram,"porcelain,powder,metal-ceramic,dental",,,,100,,,G-Ceram MF Dentine Powder - D2 - 50g,"G-CERAM MF Metal-Ceramic is a natural feldspathic porcelain powder, which is used to make metal sub-structured porcelain crowns and bridges, porcelain veneer an",pt0120d2,simple,PT0120D2,True,False
G-Ceram MF Dentine Powder - D2 - 120g,PT0220D2,"G-CERAM MF Metal-Ceramic is a natural feldspathic porcelain powder, which is used to make metal sub-structured porcelain crowns and bridges, porcelain veneer and dental inlays-onlays.
Thanks to its modelling ease of use, G-CERAM MF is a reliable ceramic powder for veneering, especially recommended for laboratories whose priority is rapidity and accuracy.",Labside > Porcelain Powder,G-Ceram,"porcelain,powder,metal-ceramic,dental",,,,100,,,G-Ceram MF Dentine Powder - D2 - 120g,"G-CERAM MF Metal-Ceramic is a natural feldspathic porcelain powder, which is used to make metal sub-structured porcelain crowns and bridges, porcelain veneer an",pt0220d2,simple,PT0220D2,True,False
G-Ceram MF Dentine Powder - D2 - 200g,PT0320D2,"G-CERAM MF Metal-Ceramic is a natural feldspathic porcelain powder, which is used to make metal sub-structured porcelain crowns and bridges, porcelain veneer and dental inlays-onlays.
Thanks to its modelling ease of use, G-CERAM MF is a reliable ceramic powder for veneering, especially recommended for laboratories whose priority is rapidity and accuracy.",Labside > Porcelain Powder,G-Ceram,"porcelain,powder,metal-ceramic,dental",,,,100,,,G-Ceram MF Dentine Powder - D2 - 200g,"G-CERAM MF Metal-Ceramic is a natural feldspathic porcelain powder, which is used to make metal sub-structured porcelain crowns and bridges, porcelain veneer an",pt0320d2,simple,PT0320D2,True,False
G-Ceram MF Dentine Powder - D2 - 500g,PT0420D2,"G-CERAM MF Metal-Ceramic is a natural feldspathic porcelain powder, which is used to make metal sub-structured porcelain crowns and bridges, porcelain veneer and dental inlays-onlays.
Thanks to its modelling ease of use, G-CERAM MF is a reliable ceramic powder for veneering, especially recommended for laboratories whose priority is rapidity and accuracy.",Labside > Porcelain Powder,G-Ceram,"porcelain,powder,metal-ceramic,dental",,,,100,,,G-Ceram MF Dentine Powder - D2 - 500g,"G-CERAM MF Metal-Ceramic is a natural feldspathic porcelain powder, which is used to make metal sub-structured porcelain crowns and bridges, porcelain veneer an",pt0420d2,simple,PT0420D2,True,False
G-Ceram MF Dentine Powder - D3 - 50g,PT0120D3,"G-CERAM MF Metal-Ceramic is a natural feldspathic porcelain powder, which is used to make metal sub-structured porcelain crowns and bridges, porcelain veneer and dental inlays-onlays.
Thanks to its modelling ease of use, G-CERAM MF is a reliable ceramic powder for veneering, especially recommended for laboratories whose priority is rapidity and accuracy.",Labside > Porcelain Powder,G-Ceram,"porcelain,powder,metal-ceramic,dental",,,,100,,,G-Ceram MF Dentine Powder - D3 - 50g,"G-CERAM MF Metal-Ceramic is a natural feldspathic porcelain powder, which is used to make metal sub-structured porcelain crowns and bridges, porcelain veneer an",pt0120d3,simple,PT0120D3,True,False
G-Ceram MF Dentine Powder - D3 - 120g,PT0220D3,"G-CERAM MF Metal-Ceramic is a natural feldspathic porcelain powder, which is used to make metal sub-structured porcelain crowns and bridges, porcelain veneer and dental inlays-onlays.
Thanks to its modelling ease of use, G-CERAM MF is a reliable ceramic powder for veneering, especially recommended for laboratories whose priority is rapidity and accuracy.",Labside > Porcelain Powder,G-Ceram,"porcelain,powder,metal-ceramic,dental",,,,100,,,G-Ceram MF Dentine Powder - D3 - 120g,"G-CERAM MF Metal-Ceramic is a natural feldspathic porcelain powder, which is used to make metal sub-structured porcelain crowns and bridges, porcelain veneer an",pt0220d3,simple,PT0220D3,True,False
G-Ceram MF Dentine Powder - D3 - 200g,PT0320D3,"G-CERAM MF Metal-Ceramic is a natural feldspathic porcelain powder, which is used to make metal sub-structured porcelain crowns and bridges, porcelain veneer and dental inlays-onlays.
Thanks to its modelling ease of use, G-CERAM MF is a reliable ceramic powder for veneering, especially recommended for laboratories whose priority is rapidity and accuracy.",Labside > Porcelain Powder,G-Ceram,"porcelain,powder,metal-ceramic,dental",,,,100,,,G-Ceram MF Dentine Powder - D3 - 200g,"G-CERAM MF Metal-Ceramic is a natural feldspathic porcelain powder, which is used to make metal sub-structured porcelain crowns and bridges, porcelain veneer an",pt0320d3,simple,PT0320D3,True,False
G-Ceram MF Dentine Powder - D3 - 500g,PT0420D3,"G-CERAM MF Metal-Ceramic is a natural feldspathic porcelain powder, which is used to make metal sub-structured porcelain crowns and bridges, porcelain veneer and dental inlays-onlays.
Thanks to its modelling ease of use, G-CERAM MF is a reliable ceramic powder for veneering, especially recommended for laboratories whose priority is rapidity and accuracy.",Labside > Porcelain Powder,G-Ceram,"porcelain,powder,metal-ceramic,dental",,,,100,,,G-Ceram MF Dentine Powder - D3 - 500g,"G-CERAM MF Metal-Ceramic is a natural feldspathic porcelain powder, which is used to make metal sub-structured porcelain crowns and bridges, porcelain veneer an",pt0420d3,simple,PT0420D3,True,False
G-Ceram MF Dentine Powder - D4 - 50g,PT0120D4,"G-CERAM MF Metal-Ceramic is a natural feldspathic porcelain powder, which is used to make metal sub-structured porcelain crowns and bridges, porcelain veneer and dental inlays-onlays.
Thanks to its modelling ease of use, G-CERAM MF is a reliable ceramic powder for veneering, especially recommended for laboratories whose priority is rapidity and accuracy.",Labside > Porcelain Powder,G-Ceram,"porcelain,powder,metal-ceramic,dental",,,,100,,,G-Ceram MF Dentine Powder - D4 - 50g,"G-CERAM MF Metal-Ceramic is a natural feldspathic porcelain powder, which is used to make metal sub-structured porcelain crowns and bridges, porcelain veneer an",pt0120d4,simple,PT0120D4,True,False
G-Ceram MF Dentine Powder - D4 - 120g,PT0220D4,"G-CERAM MF Metal-Ceramic is a natural feldspathic porcelain powder, which is used to make metal sub-structured porcelain crowns and bridges, porcelain veneer and dental inlays-onlays.
Thanks to its modelling ease of use, G-CERAM MF is a reliable ceramic powder for veneering, especially recommended for laboratories whose priority is rapidity and accuracy.",Labside > Porcelain Powder,G-Ceram,"porcelain,powder,metal-ceramic,dental",,,,100,,,G-Ceram MF Dentine Powder - D4 - 120g,"G-CERAM MF Metal-Ceramic is a natural feldspathic porcelain powder, which is used to make metal sub-structured porcelain crowns and bridges, porcelain veneer an",pt0220d4,simple,PT0220D4,True,False
G-Ceram MF Dentine Powder - D4 - 200g,PT0320D4,"G-CERAM MF Metal-Ceramic is a natural feldspathic porcelain powder, which is used to make metal sub-structured porcelain crowns and bridges, porcelain veneer and dental inlays-onlays.
Thanks to its modelling ease of use, G-CERAM MF is a reliable ceramic powder for veneering, especially recommended for laboratories whose priority is rapidity and accuracy.",Labside > Porcelain Powder,G-Ceram,"porcelain,powder,metal-ceramic,dental",,,,100,,,G-Ceram MF Dentine Powder - D4 - 200g,"G-CERAM MF Metal-Ceramic is a natural feldspathic porcelain powder, which is used to make metal sub-structured porcelain crowns and bridges, porcelain veneer an",pt0320d4,simple,PT0320D4,True,False
G-Ceram MF Dentine Powder - D4 - 500g,PT0420D4,"G-CERAM MF Metal-Ceramic is a natural feldspathic porcelain powder, which is used to make metal sub-structured porcelain crowns and bridges, porcelain veneer and dental inlays-onlays.
Thanks to its modelling ease of use, G-CERAM MF is a reliable ceramic powder for veneering, especially recommended for laboratories whose priority is rapidity and accuracy.",Labside > Porcelain Powder,G-Ceram,"porcelain,powder,metal-ceramic,dental",,,,100,,,G-Ceram MF Dentine Powder - D4 - 500g,"G-CERAM MF Metal-Ceramic is a natural feldspathic porcelain powder, which is used to make metal sub-structured porcelain crowns and bridges, porcelain veneer an",pt0420d4,simple,PT0420D4,True,False
G-Ceram MF Opaque Dentine - A0 - 50g,PT0120A0X,"G-CERAM MF Metal-Ceramic is a natural feldspathic porcelain powder, which is used to make metal sub-structured porcelain crowns and bridges, porcelain veneer and dental inlays-onlays.
Thanks to its modelling ease of use, G-CERAM MF is a reliable ceramic powder for veneering, especially recommended for laboratories whose priority is rapidity and accuracy.",Labside > Porcelain Powder,G-Ceram,"porcelain,powder,metal-ceramic,dental",,,,100,,,G-Ceram MF Opaque Dentine - A0 - 50g,"G-CERAM MF Metal-Ceramic is a natural feldspathic porcelain powder, which is used to make metal sub-structured porcelain crowns and bridges, porcelain veneer an",pt0120a0x,simple,PT0120A0X,True,False
G-Ceram MF Opaque Dentine - A0 - 120g,PT0220A0X,"G-CERAM MF Metal-Ceramic is a natural feldspathic porcelain powder, which is used to make metal sub-structured porcelain crowns and bridges, porcelain veneer and dental inlays-onlays.
Thanks to its modelling ease of use, G-CERAM MF is a reliable ceramic powder for veneering, especially recommended for laboratories whose priority is rapidity and accuracy.",Labside > Porcelain Powder,G-Ceram,"porcelain,powder,metal-ceramic,dental",,,,100,,,G-Ceram MF Opaque Dentine - A0 - 120g,"G-CERAM MF Metal-Ceramic is a natural feldspathic porcelain powder, which is used to make metal sub-structured porcelain crowns and bridges, porcelain veneer an",pt0220a0x,simple,PT0220A0X,True,False
G-Ceram MF Opaque Dentine - A1 - 50g,PT0120A1X,"G-CERAM MF Metal-Ceramic is a natural feldspathic porcelain powder, which is used to make metal sub-structured porcelain crowns and bridges, porcelain veneer and dental inlays-onlays.
Thanks to its modelling ease of use, G-CERAM MF is a reliable ceramic powder for veneering, especially recommended for laboratories whose priority is rapidity and accuracy.",Labside > Porcelain Powder,G-Ceram,"porcelain,powder,metal-ceramic,dental",,,,100,,,G-Ceram MF Opaque Dentine - A1 - 50g,"G-CERAM MF Metal-Ceramic is a natural feldspathic porcelain powder, which is used to make metal sub-structured porcelain crowns and bridges, porcelain veneer an",pt0120a1x,simple,PT0120A1X,True,False
G-Ceram MF Opaque Dentine - A1 - 120g,PT0220A1X,"G-CERAM MF Metal-Ceramic is a natural feldspathic porcelain powder, which is used to make metal sub-structured porcelain crowns and bridges, porcelain veneer and dental inlays-onlays.
Thanks to its modelling ease of use, G-CERAM MF is a reliable ceramic powder for veneering, especially recommended for laboratories whose priority is rapidity and accuracy.",Labside > Porcelain Powder,G-Ceram,"porcelain,powder,metal-ceramic,dental",,,,100,,,G-Ceram MF Opaque Dentine - A1 - 120g,"G-CERAM MF Metal-Ceramic is a natural feldspathic porcelain powder, which is used to make metal sub-structured porcelain crowns and bridges, porcelain veneer an",pt0220a1x,simple,PT0220A1X,True,False
G-Ceram MF Opaque Dentine - A2 - 50g,PT0120A2X,"G-CERAM MF Metal-Ceramic is a natural feldspathic porcelain powder, which is used to make metal sub-structured porcelain crowns and bridges, porcelain veneer and dental inlays-onlays.
Thanks to its modelling ease of use, G-CERAM MF is a reliable ceramic powder for veneering, especially recommended for laboratories whose priority is rapidity and accuracy.",Labside > Porcelain Powder,G-Ceram,"porcelain,powder,metal-ceramic,dental",,,,100,,,G-Ceram MF Opaque Dentine - A2 - 50g,"G-CERAM MF Metal-Ceramic is a natural feldspathic porcelain powder, which is used to make metal sub-structured porcelain crowns and bridges, porcelain veneer an",pt0120a2x,simple,PT0120A2X,True,False
G-Ceram MF Opaque Dentine - A2 - 120g,PT0220A2X,"G-CERAM MF Metal-Ceramic is a natural feldspathic porcelain powder, which is used to make metal sub-structured porcelain crowns and bridges, porcelain veneer and dental inlays-onlays.
Thanks to its modelling ease of use, G-CERAM MF is a reliable ceramic powder for veneering, especially recommended for laboratories whose priority is rapidity and accuracy.",Labside > Porcelain Powder,G-Ceram,"porcelain,powder,metal-ceramic,dental",,,,100,,,G-Ceram MF Opaque Dentine - A2 - 120g,"G-CERAM MF Metal-Ceramic is a natural feldspathic porcelain powder, which is used to make metal sub-structured porcelain crowns and bridges, porcelain veneer an",pt0220a2x,simple,PT0220A2X,True,False
G-Ceram MF Opaque Dentine - A3 - 50g,PT0120A3X,"G-CERAM MF Metal-Ceramic is a natural feldspathic porcelain powder, which is used to make metal sub-structured porcelain crowns and bridges, porcelain veneer and dental inlays-onlays.
Thanks to its modelling ease of use, G-CERAM MF is a reliable ceramic powder for veneering, especially recommended for laboratories whose priority is rapidity and accuracy.",Labside > Porcelain Powder,G-Ceram,"porcelain,powder,metal-ceramic,dental",,,,100,,,G-Ceram MF Opaque Dentine - A3 - 50g,"G-CERAM MF Metal-Ceramic is a natural feldspathic porcelain powder, which is used to make metal sub-structured porcelain crowns and bridges, porcelain veneer an",pt0120a3x,simple,PT0120A3X,True,False
G-Ceram MF Opaque Dentine - A3 - 120g,PT0220A3X,"G-CERAM MF Metal-Ceramic is a natural feldspathic porcelain powder, which is used to make metal sub-structured porcelain crowns and bridges, porcelain veneer and dental inlays-onlays.
Thanks to its modelling ease of use, G-CERAM MF is a reliable ceramic powder for veneering, especially recommended for laboratories whose priority is rapidity and accuracy.",Labside > Porcelain Powder,G-Ceram,"porcelain,powder,metal-ceramic,dental",,,,100,,,G-Ceram MF Opaque Dentine - A3 - 120g,"G-CERAM MF Metal-Ceramic is a natural feldspathic porcelain powder, which is used to make metal sub-structured porcelain crowns and bridges, porcelain veneer an",pt0220a3x,simple,PT0220A3X,True,False
G-Ceram MF Opaque Dentine - A3.5 - 50g,PT0120A3.5X,"G-CERAM MF Metal-Ceramic is a natural feldspathic porcelain powder, which is used to make metal sub-structured porcelain crowns and bridges, porcelain veneer and dental inlays-onlays.
Thanks to its modelling ease of use, G-CERAM MF is a reliable ceramic powder for veneering, especially recommended for laboratories whose priority is rapidity and accuracy.",Labside > Porcelain Powder,G-Ceram,"porcelain,powder,metal-ceramic,dental",,,,100,,,G-Ceram MF Opaque Dentine - A3.5 - 50g,"G-CERAM MF Metal-Ceramic is a natural feldspathic porcelain powder, which is used to make metal sub-structured porcelain crowns and bridges, porcelain veneer an",pt0120a3.5x,simple,PT0120A3.5X,True,False
G-Ceram MF Opaque Dentine - A3.5 - 120g,PT0220A3.5X,"G-CERAM MF Metal-Ceramic is a natural feldspathic porcelain powder, which is used to make metal sub-structured porcelain crowns and bridges, porcelain veneer and dental inlays-onlays.
Thanks to its modelling ease of use, G-CERAM MF is a reliable ceramic powder for veneering, especially recommended for laboratories whose priority is rapidity and accuracy.",Labside > Porcelain Powder,G-Ceram,"porcelain,powder,metal-ceramic,dental",,,,100,,,G-Ceram MF Opaque Dentine - A3.5 - 120g,"G-CERAM MF Metal-Ceramic is a natural feldspathic porcelain powder, which is used to make metal sub-structured porcelain crowns and bridges, porcelain veneer an",pt0220a3.5x,simple,PT0220A3.5X,True,False
G-Ceram MF Opaque Dentine - A4 - 50g,PT0120A4X,"G-CERAM MF Metal-Ceramic is a natural feldspathic porcelain powder, which is used to make metal sub-structured porcelain crowns and bridges, porcelain veneer and dental inlays-onlays.
Thanks to its modelling ease of use, G-CERAM MF is a reliable ceramic powder for veneering, especially recommended for laboratories whose priority is rapidity and accuracy.",Labside > Porcelain Powder,G-Ceram,"porcelain,powder,metal-ceramic,dental",,,,100,,,G-Ceram MF Opaque Dentine - A4 - 50g,"G-CERAM MF Metal-Ceramic is a natural feldspathic porcelain powder, which is used to make metal sub-structured porcelain crowns and bridges, porcelain veneer an",pt0120a4x,simple,PT0120A4X,True,False
G-Ceram MF Opaque Dentine - A4 - 120g,PT0220A4X,"G-CERAM MF Metal-Ceramic is a natural feldspathic porcelain powder, which is used to make metal sub-structured porcelain crowns and bridges, porcelain veneer and dental inlays-onlays.
Thanks to its modelling ease of use, G-CERAM MF is a reliable ceramic powder for veneering, especially recommended for laboratories whose priority is rapidity and accuracy.",Labside > Porcelain Powder,G-Ceram,"porcelain,powder,metal-ceramic,dental",,,,100,,,G-Ceram MF Opaque Dentine - A4 - 120g,"G-CERAM MF Metal-Ceramic is a natural feldspathic porcelain powder, which is used to make metal sub-structured porcelain crowns and bridges, porcelain veneer an",pt0220a4x,simple,PT0220A4X,True,False
G-Ceram MF Opaque Dentine - B1 - 50g,PT0120B1X,"G-CERAM MF Metal-Ceramic is a natural feldspathic porcelain powder, which is used to make metal sub-structured porcelain crowns and bridges, porcelain veneer and dental inlays-onlays.
Thanks to its modelling ease of use, G-CERAM MF is a reliable ceramic powder for veneering, especially recommended for laboratories whose priority is rapidity and accuracy.",Labside > Porcelain Powder,G-Ceram,"porcelain,powder,metal-ceramic,dental",,,,100,,,G-Ceram MF Opaque Dentine - B1 - 50g,"G-CERAM MF Metal-Ceramic is a natural feldspathic porcelain powder, which is used to make metal sub-structured porcelain crowns and bridges, porcelain veneer an",pt0120b1x,simple,PT0120B1X,True,False
G-Ceram MF Opaque Dentine - B1 - 120g,PT0220B1X,"G-CERAM MF Metal-Ceramic is a natural feldspathic porcelain powder, which is used to make metal sub-structured porcelain crowns and bridges, porcelain veneer and dental inlays-onlays.
Thanks to its modelling ease of use, G-CERAM MF is a reliable ceramic powder for veneering, especially recommended for laboratories whose priority is rapidity and accuracy.",Labside > Porcelain Powder,G-Ceram,"porcelain,powder,metal-ceramic,dental",,,,100,,,G-Ceram MF Opaque Dentine - B1 - 120g,"G-CERAM MF Metal-Ceramic is a natural feldspathic porcelain powder, which is used to make metal sub-structured porcelain crowns and bridges, porcelain veneer an",pt0220b1x,simple,PT0220B1X,True,False
G-Ceram MF Opaque Dentine - B2 - 50g,PT0120B2X,"G-CERAM MF Metal-Ceramic is a natural feldspathic porcelain powder, which is used to make metal sub-structured porcelain crowns and bridges, porcelain veneer and dental inlays-onlays.
Thanks to its modelling ease of use, G-CERAM MF is a reliable ceramic powder for veneering, especially recommended for laboratories whose priority is rapidity and accuracy.",Labside > Porcelain Powder,G-Ceram,"porcelain,powder,metal-ceramic,dental",,,,100,,,G-Ceram MF Opaque Dentine - B2 - 50g,"G-CERAM MF Metal-Ceramic is a natural feldspathic porcelain powder, which is used to make metal sub-structured porcelain crowns and bridges, porcelain veneer an",pt0120b2x,simple,PT0120B2X,True,False
G-Ceram MF Opaque Dentine - B2 - 120g,PT0220B2X,"G-CERAM MF Metal-Ceramic is a natural feldspathic porcelain powder, which is used to make metal sub-structured porcelain crowns and bridges, porcelain veneer and dental inlays-onlays.
Thanks to its modelling ease of use, G-CERAM MF is a reliable ceramic powder for veneering, especially recommended for laboratories whose priority is rapidity and accuracy.",Labside > Porcelain Powder,G-Ceram,"porcelain,powder,metal-ceramic,dental",,,,100,,,G-Ceram MF Opaque Dentine - B2 - 120g,"G-CERAM MF Metal-Ceramic is a natural feldspathic porcelain powder, which is used to make metal sub-structured porcelain crowns and bridges, porcelain veneer an",pt0220b2x,simple,PT0220B2X,True,False
G-Ceram MF Opaque Dentine - B3 - 50g,PT0120B3X,"G-CERAM MF Metal-Ceramic is a natural feldspathic porcelain powder, which is used to make metal sub-structured porcelain crowns and bridges, porcelain veneer and dental inlays-onlays.
Thanks to its modelling ease of use, G-CERAM MF is a reliable ceramic powder for veneering, especially recommended for laboratories whose priority is rapidity and accuracy.",Labside > Porcelain Powder,G-Ceram,"porcelain,powder,metal-ceramic,dental",,,,100,,,G-Ceram MF Opaque Dentine - B3 - 50g,"G-CERAM MF Metal-Ceramic is a natural feldspathic porcelain powder, which is used to make metal sub-structured porcelain crowns and bridges, porcelain veneer an",pt0120b3x,simple,PT0120B3X,True,False
G-Ceram MF Opaque Dentine - B3 - 120g,PT0220B3X,"G-CERAM MF Metal-Ceramic is a natural feldspathic porcelain powder, which is used to make metal sub-structured porcelain crowns and bridges, porcelain veneer and dental inlays-onlays.
Thanks to its modelling ease of use, G-CERAM MF is a reliable ceramic powder for veneering, especially recommended for laboratories whose priority is rapidity and accuracy.",Labside > Porcelain Powder,G-Ceram,"porcelain,powder,metal-ceramic,dental",,,,100,,,G-Ceram MF Opaque Dentine - B3 - 120g,"G-CERAM MF Metal-Ceramic is a natural feldspathic porcelain powder, which is used to make metal sub-structured porcelain crowns and bridges, porcelain veneer an",pt0220b3x,simple,PT0220B3X,True,False
G-Ceram MF Opaque Dentine - B4 - 50g,PT0120B4X,"G-CERAM MF Metal-Ceramic is a natural feldspathic porcelain powder, which is used to make metal sub-structured porcelain crowns and bridges, porcelain veneer and dental inlays-onlays.
Thanks to its modelling ease of use, G-CERAM MF is a reliable ceramic powder for veneering, especially recommended for laboratories whose priority is rapidity and accuracy.",Labside > Porcelain Powder,G-Ceram,"porcelain,powder,metal-ceramic,dental",,,,100,,,G-Ceram MF Opaque Dentine - B4 - 50g,"G-CERAM MF Metal-Ceramic is a natural feldspathic porcelain powder, which is used to make metal sub-structured porcelain crowns and bridges, porcelain veneer an",pt0120b4x,simple,PT0120B4X,True,False
G-Ceram MF Opaque Dentine - B4 - 120g,PT0220B4X,"G-CERAM MF Metal-Ceramic is a natural feldspathic porcelain powder, which is used to make metal sub-structured porcelain crowns and bridges, porcelain veneer and dental inlays-onlays.
Thanks to its modelling ease of use, G-CERAM MF is a reliable ceramic powder for veneering, especially recommended for laboratories whose priority is rapidity and accuracy.",Labside > Porcelain Powder,G-Ceram,"porcelain,powder,metal-ceramic,dental",,,,100,,,G-Ceram MF Opaque Dentine - B4 - 120g,"G-CERAM MF Metal-Ceramic is a natural feldspathic porcelain powder, which is used to make metal sub-structured porcelain crowns and bridges, porcelain veneer an",pt0220b4x,simple,PT0220B4X,True,False
G-Ceram MF Opaque Dentine - C1 - 50g,PT0120C1X,"G-CERAM MF Metal-Ceramic is a natural feldspathic porcelain powder, which is used to make metal sub-structured porcelain crowns and bridges, porcelain veneer and dental inlays-onlays.
Thanks to its modelling ease of use, G-CERAM MF is a reliable ceramic powder for veneering, especially recommended for laboratories whose priority is rapidity and accuracy.",Labside > Porcelain Powder,G-Ceram,"porcelain,powder,metal-ceramic,dental",,,,100,,,G-Ceram MF Opaque Dentine - C1 - 50g,"G-CERAM MF Metal-Ceramic is a natural feldspathic porcelain powder, which is used to make metal sub-structured porcelain crowns and bridges, porcelain veneer an",pt0120c1x,simple,PT0120C1X,True,False
G-Ceram MF Opaque Dentine - C1 - 120g,PT0220C1X,"G-CERAM MF Metal-Ceramic is a natural feldspathic porcelain powder, which is used to make metal sub-structured porcelain crowns and bridges, porcelain veneer and dental inlays-onlays.
Thanks to its modelling ease of use, G-CERAM MF is a reliable ceramic powder for veneering, especially recommended for laboratories whose priority is rapidity and accuracy.",Labside > Porcelain Powder,G-Ceram,"porcelain,powder,metal-ceramic,dental",,,,100,,,G-Ceram MF Opaque Dentine - C1 - 120g,"G-CERAM MF Metal-Ceramic is a natural feldspathic porcelain powder, which is used to make metal sub-structured porcelain crowns and bridges, porcelain veneer an",pt0220c1x,simple,PT0220C1X,True,False
G-Ceram MF Opaque Dentine - C2 - 50g,PT0120C2X,"G-CERAM MF Metal-Ceramic is a natural feldspathic porcelain powder, which is used to make metal sub-structured porcelain crowns and bridges, porcelain veneer and dental inlays-onlays.
Thanks to its modelling ease of use, G-CERAM MF is a reliable ceramic powder for veneering, especially recommended for laboratories whose priority is rapidity and accuracy.",Labside > Porcelain Powder,G-Ceram,"porcelain,powder,metal-ceramic,dental",,,,100,,,G-Ceram MF Opaque Dentine - C2 - 50g,"G-CERAM MF Metal-Ceramic is a natural feldspathic porcelain powder, which is used to make metal sub-structured porcelain crowns and bridges, porcelain veneer an",pt0120c2x,simple,PT0120C2X,True,False
G-Ceram MF Opaque Dentine - C2 - 120g,PT0220C2X,"G-CERAM MF Metal-Ceramic is a natural feldspathic porcelain powder, which is used to make metal sub-structured porcelain crowns and bridges, porcelain veneer and dental inlays-onlays.
Thanks to its modelling ease of use, G-CERAM MF is a reliable ceramic powder for veneering, especially recommended for laboratories whose priority is rapidity and accuracy.",Labside > Porcelain Powder,G-Ceram,"porcelain,powder,metal-ceramic,dental",,,,100,,,G-Ceram MF Opaque Dentine - C2 - 120g,"G-CERAM MF Metal-Ceramic is a natural feldspathic porcelain powder, which is used to make metal sub-structured porcelain crowns and bridges, porcelain veneer an",pt0220c2x,simple,PT0220C2X,True,False
G-Ceram MF Opaque Dentine - C3 - 50g,PT0120C3X,"G-CERAM MF Metal-Ceramic is a natural feldspathic porcelain powder, which is used to make metal sub-structured porcelain crowns and bridges, porcelain veneer and dental inlays-onlays.
Thanks to its modelling ease of use, G-CERAM MF is a reliable ceramic powder for veneering, especially recommended for laboratories whose priority is rapidity and accuracy.",Labside > Porcelain Powder,G-Ceram,"porcelain,powder,metal-ceramic,dental",,,,100,,,G-Ceram MF Opaque Dentine - C3 - 50g,"G-CERAM MF Metal-Ceramic is a natural feldspathic porcelain powder, which is used to make metal sub-structured porcelain crowns and bridges, porcelain veneer an",pt0120c3x,simple,PT0120C3X,True,False
G-Ceram MF Opaque Dentine - C3 - 120g,PT0220C3X,"G-CERAM MF Metal-Ceramic is a natural feldspathic porcelain powder, which is used to make metal sub-structured porcelain crowns and bridges, porcelain veneer and dental inlays-onlays.
Thanks to its modelling ease of use, G-CERAM MF is a reliable ceramic powder for veneering, especially recommended for laboratories whose priority is rapidity and accuracy.",Labside > Porcelain Powder,G-Ceram,"porcelain,powder,metal-ceramic,dental",,,,100,,,G-Ceram MF Opaque Dentine - C3 - 120g,"G-CERAM MF Metal-Ceramic is a natural feldspathic porcelain powder, which is used to make metal sub-structured porcelain crowns and bridges, porcelain veneer an",pt0220c3x,simple,PT0220C3X,True,False
G-Ceram MF Opaque Dentine - C4 - 50g,PT0120C4X,"G-CERAM MF Metal-Ceramic is a natural feldspathic porcelain powder, which is used to make metal sub-structured porcelain crowns and bridges, porcelain veneer and dental inlays-onlays.
Thanks to its modelling ease of use, G-CERAM MF is a reliable ceramic powder for veneering, especially recommended for laboratories whose priority is rapidity and accuracy.",Labside > Porcelain Powder,G-Ceram,"porcelain,powder,metal-ceramic,dental",,,,100,,,G-Ceram MF Opaque Dentine - C4 - 50g,"G-CERAM MF Metal-Ceramic is a natural feldspathic porcelain powder, which is used to make metal sub-structured porcelain crowns and bridges, porcelain veneer an",pt0120c4x,simple,PT0120C4X,True,False
G-Ceram MF Opaque Dentine - C4 - 120g,PT0220C4X,"G-CERAM MF Metal-Ceramic is a natural feldspathic porcelain powder, which is used to make metal sub-structured porcelain crowns and bridges, porcelain veneer and dental inlays-onlays.
Thanks to its modelling ease of use, G-CERAM MF is a reliable ceramic powder for veneering, especially recommended for laboratories whose priority is rapidity and accuracy.",Labside > Porcelain Powder,G-Ceram,"porcelain,powder,metal-ceramic,dental",,,,100,,,G-Ceram MF Opaque Dentine - C4 - 120g,"G-CERAM MF Metal-Ceramic is a natural feldspathic porcelain powder, which is used to make metal sub-structured porcelain crowns and bridges, porcelain veneer an",pt0220c4x,simple,PT0220C4X,True,False
G-Ceram MF Opaque Dentine - D2 - 50g,PT0120D2X,"G-CERAM MF Metal-Ceramic is a natural feldspathic porcelain powder, which is used to make metal sub-structured porcelain crowns and bridges, porcelain veneer and dental inlays-onlays.
Thanks to its modelling ease of use, G-CERAM MF is a reliable ceramic powder for veneering, especially recommended for laboratories whose priority is rapidity and accuracy.",Labside > Porcelain Powder,G-Ceram,"porcelain,powder,metal-ceramic,dental",,,,100,,,G-Ceram MF Opaque Dentine - D2 - 50g,"G-CERAM MF Metal-Ceramic is a natural feldspathic porcelain powder, which is used to make metal sub-structured porcelain crowns and bridges, porcelain veneer an",pt0120d2x,simple,PT0120D2X,True,False
G-Ceram MF Opaque Dentine - D2 - 120g,PT0220D2X,"G-CERAM MF Metal-Ceramic is a natural feldspathic porcelain powder, which is used to make metal sub-structured porcelain crowns and bridges, porcelain veneer and dental inlays-onlays.
Thanks to its modelling ease of use, G-CERAM MF is a reliable ceramic powder for veneering, especially recommended for laboratories whose priority is rapidity and accuracy.",Labside > Porcelain Powder,G-Ceram,"porcelain,powder,metal-ceramic,dental",,,,100,,,G-Ceram MF Opaque Dentine - D2 - 120g,"G-CERAM MF Metal-Ceramic is a natural feldspathic porcelain powder, which is used to make metal sub-structured porcelain crowns and bridges, porcelain veneer an",pt0220d2x,simple,PT0220D2X,True,False
G-Ceram MF Opaque Dentine - D3 - 50g,PT0120D3X,"G-CERAM MF Metal-Ceramic is a natural feldspathic porcelain powder, which is used to make metal sub-structured porcelain crowns and bridges, porcelain veneer and dental inlays-onlays.
Thanks to its modelling ease of use, G-CERAM MF is a reliable ceramic powder for veneering, especially recommended for laboratories whose priority is rapidity and accuracy.",Labside > Porcelain Powder,G-Ceram,"porcelain,powder,metal-ceramic,dental",,,,100,,,G-Ceram MF Opaque Dentine - D3 - 50g,"G-CERAM MF Metal-Ceramic is a natural feldspathic porcelain powder, which is used to make metal sub-structured porcelain crowns and bridges, porcelain veneer an",pt0120d3x,simple,PT0120D3X,True,False
G-Ceram MF Opaque Dentine - D3 - 120g,PT0220D3X,"G-CERAM MF Metal-Ceramic is a natural feldspathic porcelain powder, which is used to make metal sub-structured porcelain crowns and bridges, porcelain veneer and dental inlays-onlays.
Thanks to its modelling ease of use, G-CERAM MF is a reliable ceramic powder for veneering, especially recommended for laboratories whose priority is rapidity and accuracy.",Labside > Porcelain Powder,G-Ceram,"porcelain,powder,metal-ceramic,dental",,,,100,,,G-Ceram MF Opaque Dentine - D3 - 120g,"G-CERAM MF Metal-Ceramic is a natural feldspathic porcelain powder, which is used to make metal sub-structured porcelain crowns and bridges, porcelain veneer an",pt0220d3x,simple,PT0220D3X,True,False
G-Ceram MF Opaque Dentine - D4 - 50g,PT0120D4X,"G-CERAM MF Metal-Ceramic is a natural feldspathic porcelain powder, which is used to make metal sub-structured porcelain crowns and bridges, porcelain veneer and dental inlays-onlays.
Thanks to its modelling ease of use, G-CERAM MF is a reliable ceramic powder for veneering, especially recommended for laboratories whose priority is rapidity and accuracy.",Labside > Porcelain Powder,G-Ceram,"porcelain,powder,metal-ceramic,dental",,,,100,,,G-Ceram MF Opaque Dentine - D4 - 50g,"G-CERAM MF Metal-Ceramic is a natural feldspathic porcelain powder, which is used to make metal sub-structured porcelain crowns and bridges, porcelain veneer an",pt0120d4x,simple,PT0120D4X,True,False
G-Ceram MF Opaque Dentine - D4 - 120g,PT0220D4X,"G-CERAM MF Metal-Ceramic is a natural feldspathic porcelain powder, which is used to make metal sub-structured porcelain crowns and bridges, porcelain veneer and dental inlays-onlays.
Thanks to its modelling ease of use, G-CERAM MF is a reliable ceramic powder for veneering, especially recommended for laboratories whose priority is rapidity and accuracy.",Labside > Porcelain Powder,G-Ceram,"porcelain,powder,metal-ceramic,dental",,,,100,,,G-Ceram MF Opaque Dentine - D4 - 120g,"G-CERAM MF Metal-Ceramic is a natural feldspathic porcelain powder, which is used to make metal sub-structured porcelain crowns and bridges, porcelain veneer an",pt0220d4x,simple,PT0220D4X,True,False
G-Ceram MF Chroma Dentine - Light - 120g,PTG10L,"G-CERAM MF Metal-Ceramic is a natural feldspathic porcelain powder, which is used to make metal sub-structured porcelain crowns and bridges, porcelain veneer and dental inlays-onlays.
Thanks to its modelling ease of use, G-CERAM MF is a reliable ceramic powder for veneering, especially recommended for laboratories whose priority is rapidity and accuracy.",Labside > Porcelain Powder,G-Ceram,"porcelain,powder,metal-ceramic,dental",,,,100,,,G-Ceram MF Chroma Dentine - Light - 120g,"G-CERAM MF Metal-Ceramic is a natural feldspathic porcelain powder, which is used to make metal sub-structured porcelain crowns and bridges, porcelain veneer an",ptg10l,simple,PTG10L,True,False
G-Ceram MF Chroma Dentine - Medium - 120g,PTG10M,"G-CERAM MF Metal-Ceramic is a natural feldspathic porcelain powder, which is used to make metal sub-structured porcelain crowns and bridges, porcelain veneer and dental inlays-onlays.
Thanks to its modelling ease of use, G-CERAM MF is a reliable ceramic powder for veneering, especially recommended for laboratories whose priority is rapidity and accuracy.",Labside > Porcelain Powder,G-Ceram,"porcelain,powder,metal-ceramic,dental",,,,100,,,G-Ceram MF Chroma Dentine - Medium - 120g,"G-CERAM MF Metal-Ceramic is a natural feldspathic porcelain powder, which is used to make metal sub-structured porcelain crowns and bridges, porcelain veneer an",ptg10m,simple,PTG10M,True,False
G-Ceram MF Chroma Dentine - Dark - 120g,PTG10D,"G-CERAM MF Metal-Ceramic is a natural feldspathic porcelain powder, which is used to make metal sub-structured porcelain crowns and bridges, porcelain veneer and dental inlays-onlays.
Thanks to its modelling ease of use, G-CERAM MF is a reliable ceramic powder for veneering, especially recommended for laboratories whose priority is rapidity and accuracy.",Labside > Porcelain Powder,G-Ceram,"porcelain,powder,metal-ceramic,dental",,,,100,,,G-Ceram MF Chroma Dentine - Dark - 120g,"G-CERAM MF Metal-Ceramic is a natural feldspathic porcelain powder, which is used to make metal sub-structured porcelain crowns and bridges, porcelain veneer an",ptg10d,simple,PTG10D,True,False
G-Ceram MF Chroma Dentine - Light - 120g,PT0125L,"G-CERAM MF Metal-Ceramic is a natural feldspathic porcelain powder, which is used to make metal sub-structured porcelain crowns and bridges, porcelain veneer and dental inlays-onlays.
Thanks to its modelling ease of use, G-CERAM MF is a reliable ceramic powder for veneering, especially recommended for laboratories whose priority is rapidity and accuracy.",Labside > Porcelain Powder,G-Ceram,"porcelain,powder,metal-ceramic,dental",,,,100,,,G-Ceram MF Chroma Dentine - Light - 120g,"G-CERAM MF Metal-Ceramic is a natural feldspathic porcelain powder, which is used to make metal sub-structured porcelain crowns and bridges, porcelain veneer an",pt0125l,simple,PT0125L,True,False
G-Ceram MF Chroma Dentine - Medium Light - 120g,PT0125ML,"G-CERAM MF Metal-Ceramic is a natural feldspathic porcelain powder, which is used to make metal sub-structured porcelain crowns and bridges, porcelain veneer and dental inlays-onlays.
Thanks to its modelling ease of use, G-CERAM MF is a reliable ceramic powder for veneering, especially recommended for laboratories whose priority is rapidity and accuracy.",Labside > Porcelain Powder,G-Ceram,"porcelain,powder,metal-ceramic,dental",,,,100,,,G-Ceram MF Chroma Dentine - Medium Light - 120g,"G-CERAM MF Metal-Ceramic is a natural feldspathic porcelain powder, which is used to make metal sub-structured porcelain crowns and bridges, porcelain veneer an",pt0125ml,simple,PT0125ML,True,False
G-Ceram MF Chroma Dentine - Medium - 120g,PT0125M,"G-CERAM MF Metal-Ceramic is a natural feldspathic porcelain powder, which is used to make metal sub-structured porcelain crowns and bridges, porcelain veneer and dental inlays-onlays.
Thanks to its modelling ease of use, G-CERAM MF is a reliable ceramic powder for veneering, especially recommended for laboratories whose priority is rapidity and accuracy.",Labside > Porcelain Powder,G-Ceram,"porcelain,powder,metal-ceramic,dental",,,,100,,,G-Ceram MF Chroma Dentine - Medium - 120g,"G-CERAM MF Metal-Ceramic is a natural feldspathic porcelain powder, which is used to make metal sub-structured porcelain crowns and bridges, porcelain veneer an",pt0125m,simple,PT0125M,True,False
G-Ceram MF Chroma Dentine - Medium Dark - 120g,PT0125MD,"G-CERAM MF Metal-Ceramic is a natural feldspathic porcelain powder, which is used to make metal sub-structured porcelain crowns and bridges, porcelain veneer and dental inlays-onlays.
Thanks to its modelling ease of use, G-CERAM MF is a reliable ceramic powder for veneering, especially recommended for laboratories whose priority is rapidity and accuracy.",Labside > Porcelain Powder,G-Ceram,"porcelain,powder,metal-ceramic,dental",,,,100,,,G-Ceram MF Chroma Dentine - Medium Dark - 120g,"G-CERAM MF Metal-Ceramic is a natural feldspathic porcelain powder, which is used to make metal sub-structured porcelain crowns and bridges, porcelain veneer an",pt0125md,simple,PT0125MD,True,False
G-Ceram MF Chroma Dentine - Dark - 120g,PT0125D,"G-CERAM MF Metal-Ceramic is a natural feldspathic porcelain powder, which is used to make metal sub-structured porcelain crowns and bridges, porcelain veneer and dental inlays-onlays.
Thanks to its modelling ease of use, G-CERAM MF is a reliable ceramic powder for veneering, especially recommended for laboratories whose priority is rapidity and accuracy.",Labside > Porcelain Powder,G-Ceram,"porcelain,powder,metal-ceramic,dental",,,,100,,,G-Ceram MF Chroma Dentine - Dark - 120g,"G-CERAM MF Metal-Ceramic is a natural feldspathic porcelain powder, which is used to make metal sub-structured porcelain crowns and bridges, porcelain veneer an",pt0125d,simple,PT0125D,True,False
G-Ceram MF Chroma Dentine - Clear - 120g,PTG200,"G-CERAM MF Metal-Ceramic is a natural feldspathic porcelain powder, which is used to make metal sub-structured porcelain crowns and bridges, porcelain veneer and dental inlays-onlays.
Thanks to its modelling ease of use, G-CERAM MF is a reliable ceramic powder for veneering, especially recommended for laboratories whose priority is rapidity and accuracy.",Labside > Porcelain Powder,G-Ceram,"porcelain,powder,metal-ceramic,dental",,,,100,,,G-Ceram MF Chroma Dentine - Clear - 120g,"G-CERAM MF Metal-Ceramic is a natural feldspathic porcelain powder, which is used to make metal sub-structured porcelain crowns and bridges, porcelain veneer an",ptg200,simple,PTG200,True,False
G-Ceram MF Chroma Dentine - Clear - 120g,PTG500,"G-CERAM MF Metal-Ceramic is a natural feldspathic porcelain powder, which is used to make metal sub-structured porcelain crowns and bridges, porcelain veneer and dental inlays-onlays.
Thanks to its modelling ease of use, G-CERAM MF is a reliable ceramic powder for veneering, especially recommended for laboratories whose priority is rapidity and accuracy.",Labside > Porcelain Powder,G-Ceram,"porcelain,powder,metal-ceramic,dental",,,,100,,,G-Ceram MF Chroma Dentine - Clear - 120g,"G-CERAM MF Metal-Ceramic is a natural feldspathic porcelain powder, which is used to make metal sub-structured porcelain crowns and bridges, porcelain veneer an",ptg500,simple,PTG500,True,False
G-Ceram MF Chroma Dentine - Clear - 120g,PTC400,"G-CERAM MF Metal-Ceramic is a natural feldspathic porcelain powder, which is used to make metal sub-structured porcelain crowns and bridges, porcelain veneer and dental inlays-onlays.
Thanks to its modelling ease of use, G-CERAM MF is a reliable ceramic powder for veneering, especially recommended for laboratories whose priority is rapidity and accuracy.",Labside > Porcelain Powder,G-Ceram,"porcelain,powder,metal-ceramic,dental",,,,100,,,G-Ceram MF Chroma Dentine - Clear - 120g,"G-CERAM MF Metal-Ceramic is a natural feldspathic porcelain powder, which is used to make metal sub-structured porcelain crowns and bridges, porcelain veneer an",ptc400,simple,PTC400,True,False
G-Ceram MF Chroma Dentine - Clear - 120g,PTC402,"G-CERAM MF Metal-Ceramic is a natural feldspathic porcelain powder, which is used to make metal sub-structured porcelain crowns and bridges, porcelain veneer and dental inlays-onlays.
Thanks to its modelling ease of use, G-CERAM MF is a reliable ceramic powder for veneering, especially recommended for laboratories whose priority is rapidity and accuracy.",Labside > Porcelain Powder,G-Ceram,"porcelain,powder,metal-ceramic,dental",,,,100,,,G-Ceram MF Chroma Dentine - Clear - 120g,"G-CERAM MF Metal-Ceramic is a natural feldspathic porcelain powder, which is used to make metal sub-structured porcelain crowns and bridges, porcelain veneer an",ptc402,simple,PTC402,True,False
G-Ceram MF Chroma Dentine - Clear - 120g,PTL000,"G-CERAM MF Metal-Ceramic is a natural feldspathic porcelain powder, which is used to make metal sub-structured porcelain crowns and bridges, porcelain veneer and dental inlays-onlays.
Thanks to its modelling ease of use, G-CERAM MF is a reliable ceramic powder for veneering, especially recommended for laboratories whose priority is rapidity and accuracy.",Labside > Porcelain Powder,G-Ceram,"porcelain,powder,metal-ceramic,dental",,,,100,,,G-Ceram MF Chroma Dentine - Clear - 120g,"G-CERAM MF Metal-Ceramic is a natural feldspathic porcelain powder, which is used to make metal sub-structured porcelain crowns and bridges, porcelain veneer an",ptl000,simple,PTL000,True,False
G-Ceram MF Chroma Dentine - Clear - 120g,PTL001,"G-CERAM MF Metal-Ceramic is a natural feldspathic porcelain powder, which is used to make metal sub-structured porcelain crowns and bridges, porcelain veneer and dental inlays-onlays.
Thanks to its modelling ease of use, G-CERAM MF is a reliable ceramic powder for veneering, especially recommended for laboratories whose priority is rapidity and accuracy.",Labside > Porcelain Powder,G-Ceram,"porcelain,powder,metal-ceramic,dental",,,,100,,,G-Ceram MF Chroma Dentine - Clear - 120g,"G-CERAM MF Metal-Ceramic is a natural feldspathic porcelain powder, which is used to make metal sub-structured porcelain crowns and bridges, porcelain veneer an",ptl001,simple,PTL001,True,False
G-Ceram MF Chroma Dentine - Clear - 120g,PTL002,"G-CERAM MF Metal-Ceramic is a natural feldspathic porcelain powder, which is used to make metal sub-structured porcelain crowns and bridges, porcelain veneer and dental inlays-onlays.
Thanks to its modelling ease of use, G-CERAM MF is a reliable ceramic powder for veneering, especially recommended for laboratories whose priority is rapidity and accuracy.",Labside > Porcelain Powder,G-Ceram,"porcelain,powder,metal-ceramic,dental",,,,100,,,G-Ceram MF Chroma Dentine - Clear - 120g,"G-CERAM MF Metal-Ceramic is a natural feldspathic porcelain powder, which is used to make metal sub-structured porcelain crowns and bridges, porcelain veneer an",ptl002,simple,PTL002,True,False
G-Ceram MF Chroma Dentine - Incisal Powder - 200g,PT1S0I1,"G-CERAM MF Metal-Ceramic is a natural feldspathic porcelain powder, which is used to make metal sub-structured porcelain crowns and bridges, porcelain veneer and dental inlays-onlays.
Thanks to its modelling ease of use, G-CERAM MF is a reliable ceramic powder for veneering, especially recommended for laboratories whose priority is rapidity and accuracy.",Labside > Porcelain Powder,G-Ceram,"porcelain,powder,metal-ceramic,dental",,,,100,,,G-Ceram MF Chroma Dentine - Incisal Powder - 200g,"G-CERAM MF Metal-Ceramic is a natural feldspathic porcelain powder, which is used to make metal sub-structured porcelain crowns and bridges, porcelain veneer an",pt1s0i1,simple,PT1S0I1,True,False
G-Ceram MF Chroma Dentine - Incisal Powder - 200g,PT1120I1,"G-CERAM MF Metal-Ceramic is a natural feldspathic porcelain powder, which is used to make metal sub-structured porcelain crowns and bridges, porcelain veneer and dental inlays-onlays.
Thanks to its modelling ease of use, G-CERAM MF is a reliable ceramic powder for veneering, especially recommended for laboratories whose priority is rapidity and accuracy.",Labside > Porcelain Powder,G-Ceram,"porcelain,powder,metal-ceramic,dental",,,,100,,,G-Ceram MF Chroma Dentine - Incisal Powder - 200g,"G-CERAM MF Metal-Ceramic is a natural feldspathic porcelain powder, which is used to make metal sub-structured porcelain crowns and bridges, porcelain veneer an",pt1120i1,simple,PT1120I1,True,False
G-Ceram MF Chroma Dentine - Incisal Powder - 200g,PT1200I1,"G-CERAM MF Metal-Ceramic is a natural feldspathic porcelain powder, which is used to make metal sub-structured porcelain crowns and bridges, porcelain veneer and dental inlays-onlays.
Thanks to its modelling ease of use, G-CERAM MF is a reliable ceramic powder for veneering, especially recommended for laboratories whose priority is rapidity and accuracy.",Labside > Porcelain Powder,G-Ceram,"porcelain,powder,metal-ceramic,dental",,,,100,,,G-Ceram MF Chroma Dentine - Incisal Powder - 200g,"G-CERAM MF Metal-Ceramic is a natural feldspathic porcelain powder, which is used to make metal sub-structured porcelain crowns and bridges, porcelain veneer an",pt1200i1,simple,PT1200I1,True,False
G-Ceram MF Chroma Dentine - Incisal Powder - 200g,PT1500I1,"G-CERAM MF Metal-Ceramic is a natural feldspathic porcelain powder, which is used to make metal sub-structured porcelain crowns and bridges, porcelain veneer and dental inlays-onlays.
Thanks to its modelling ease of use, G-CERAM MF is a reliable ceramic powder for veneering, especially recommended for laboratories whose priority is rapidity and accuracy.",Labside > Porcelain Powder,G-Ceram,"porcelain,powder,metal-ceramic,dental",,,,100,,,G-Ceram MF Chroma Dentine - Incisal Powder - 200g,"G-CERAM MF Metal-Ceramic is a natural feldspathic porcelain powder, which is used to make metal sub-structured porcelain crowns and bridges, porcelain veneer an",pt1500i1,simple,PT1500I1,True,False
G-Ceram MF Chroma Dentine - Incisal Powder - 200g,PT1S0I2,"G-CERAM MF Metal-Ceramic is a natural feldspathic porcelain powder, which is used to make metal sub-structured porcelain crowns and bridges, porcelain veneer and dental inlays-onlays.
Thanks to its modelling ease of use, G-CERAM MF is a reliable ceramic powder for veneering, especially recommended for laboratories whose priority is rapidity and accuracy.",Labside > Porcelain Powder,G-Ceram,"porcelain,powder,metal-ceramic,dental",,,,100,,,G-Ceram MF Chroma Dentine - Incisal Powder - 200g,"G-CERAM MF Metal-Ceramic is a natural feldspathic porcelain powder, which is used to make metal sub-structured porcelain crowns and bridges, porcelain veneer an",pt1s0i2,simple,PT1S0I2,True,False
G-Ceram MF Chroma Dentine - Incisal Powder - 200g,PT1120I2,"G-CERAM MF Metal-Ceramic is a natural feldspathic porcelain powder, which is used to make metal sub-structured porcelain crowns and bridges, porcelain veneer and dental inlays-onlays.
Thanks to its modelling ease of use, G-CERAM MF is a reliable ceramic powder for veneering, especially recommended for laboratories whose priority is rapidity and accuracy.",Labside > Porcelain Powder,G-Ceram,"porcelain,powder,metal-ceramic,dental",,,,100,,,G-Ceram MF Chroma Dentine - Incisal Powder - 200g,"G-CERAM MF Metal-Ceramic is a natural feldspathic porcelain powder, which is used to make metal sub-structured porcelain crowns and bridges, porcelain veneer an",pt1120i2,simple,PT1120I2,True,False
G-Ceram MF Chroma Dentine - Incisal Powder - 200g,PT1200I2,"G-CERAM MF Metal-Ceramic is a natural feldspathic porcelain powder, which is used to make metal sub-structured porcelain crowns and bridges, porcelain veneer and dental inlays-onlays.
Thanks to its modelling ease of use, G-CERAM MF is a reliable ceramic powder for veneering, especially recommended for laboratories whose priority is rapidity and accuracy.",Labside > Porcelain Powder,G-Ceram,"porcelain,powder,metal-ceramic,dental",,,,100,,,G-Ceram MF Chroma Dentine - Incisal Powder - 200g,"G-CERAM MF Metal-Ceramic is a natural feldspathic porcelain powder, which is used to make metal sub-structured porcelain crowns and bridges, porcelain veneer an",pt1200i2,simple,PT1200I2,True,False
G-Ceram MF Chroma Dentine - Incisal Powder - 200g,PT1500I2,"G-CERAM MF Metal-Ceramic is a natural feldspathic porcelain powder, which is used to make metal sub-structured porcelain crowns and bridges, porcelain veneer and dental inlays-onlays.
Thanks to its modelling ease of use, G-CERAM MF is a reliable ceramic powder for veneering, especially recommended for laboratories whose priority is rapidity and accuracy.",Labside > Porcelain Powder,G-Ceram,"porcelain,powder,metal-ceramic,dental",,,,100,,,G-Ceram MF Chroma Dentine - Incisal Powder - 200g,"G-CERAM MF Metal-Ceramic is a natural feldspathic porcelain powder, which is used to make metal sub-structured porcelain crowns and bridges, porcelain veneer an",pt1500i2,simple,PT1500I2,True,False
G-Ceram MF Chroma Dentine - Incisal Powder - 200g,PT1S0I3,"G-CERAM MF Metal-Ceramic is a natural feldspathic porcelain powder, which is used to make metal sub-structured porcelain crowns and bridges, porcelain veneer and dental inlays-onlays.
Thanks to its modelling ease of use, G-CERAM MF is a reliable ceramic powder for veneering, especially recommended for laboratories whose priority is rapidity and accuracy.",Labside > Porcelain Powder,G-Ceram,"porcelain,powder,metal-ceramic,dental",,,,100,,,G-Ceram MF Chroma Dentine - Incisal Powder - 200g,"G-CERAM MF Metal-Ceramic is a natural feldspathic porcelain powder, which is used to make metal sub-structured porcelain crowns and bridges, porcelain veneer an",pt1s0i3,simple,PT1S0I3,True,False
G-Ceram MF Chroma Dentine - Incisal Powder - 200g,PT1120I3,"G-CERAM MF Metal-Ceramic is a natural feldspathic porcelain powder, which is used to make metal sub-structured porcelain crowns and bridges, porcelain veneer and dental inlays-onlays.
Thanks to its modelling ease of use, G-CERAM MF is a reliable ceramic powder for veneering, especially recommended for laboratories whose priority is rapidity and accuracy.",Labside > Porcelain Powder,G-Ceram,"porcelain,powder,metal-ceramic,dental",,,,100,,,G-Ceram MF Chroma Dentine - Incisal Powder - 200g,"G-CERAM MF Metal-Ceramic is a natural feldspathic porcelain powder, which is used to make metal sub-structured porcelain crowns and bridges, porcelain veneer an",pt1120i3,simple,PT1120I3,True,False
G-Ceram MF Chroma Dentine - Incisal Powder - 200g,PT1200I3,"G-CERAM MF Metal-Ceramic is a natural feldspathic porcelain powder, which is used to make metal sub-structured porcelain crowns and bridges, porcelain veneer and dental inlays-onlays.
Thanks to its modelling ease of use, G-CERAM MF is a reliable ceramic powder for veneering, especially recommended for laboratories whose priority is rapidity and accuracy.",Labside > Porcelain Powder,G-Ceram,"porcelain,powder,metal-ceramic,dental",,,,100,,,G-Ceram MF Chroma Dentine - Incisal Powder - 200g,"G-CERAM MF Metal-Ceramic is a natural feldspathic porcelain powder, which is used to make metal sub-structured porcelain crowns and bridges, porcelain veneer an",pt1200i3,simple,PT1200I3,True,False
G-Ceram MF Chroma Dentine - Incisal Powder - 200g,PT1500I3,"G-CERAM MF Metal-Ceramic is a natural feldspathic porcelain powder, which is used to make metal sub-structured porcelain crowns and bridges, porcelain veneer and dental inlays-onlays.
Thanks to its modelling ease of use, G-CERAM MF is a reliable ceramic powder for veneering, especially recommended for laboratories whose priority is rapidity and accuracy.",Labside > Porcelain Powder,G-Ceram,"porcelain,powder,metal-ceramic,dental",,,,100,,,G-Ceram MF Chroma Dentine - Incisal Powder - 200g,"G-CERAM MF Metal-Ceramic is a natural feldspathic porcelain powder, which is used to make metal sub-structured porcelain crowns and bridges, porcelain veneer an",pt1500i3,simple,PT1500I3,True,False
G-Ceram MF Chroma Dentine - Incisal Powder - 200g,PT1S0T,"G-CERAM MF Metal-Ceramic is a natural feldspathic porcelain powder, which is used to make metal sub-structured porcelain crowns and bridges, porcelain veneer and dental inlays-onlays.
Thanks to its modelling ease of use, G-CERAM MF is a reliable ceramic powder for veneering, especially recommended for laboratories whose priority is rapidity and accuracy.",Labside > Porcelain Powder,G-Ceram,"porcelain,powder,metal-ceramic,dental",,,,100,,,G-Ceram MF Chroma Dentine - Incisal Powder - 200g,"G-CERAM MF Metal-Ceramic is a natural feldspathic porcelain powder, which is used to make metal sub-structured porcelain crowns and bridges, porcelain veneer an",pt1s0t,simple,PT1S0T,True,False
G-Ceram MF Chroma Dentine - Incisal Powder - 200g,PT1120T,"G-CERAM MF Metal-Ceramic is a natural feldspathic porcelain powder, which is used to make metal sub-structured porcelain crowns and bridges, porcelain veneer and dental inlays-onlays.
Thanks to its modelling ease of use, G-CERAM MF is a reliable ceramic powder for veneering, especially recommended for laboratories whose priority is rapidity and accuracy.",Labside > Porcelain Powder,G-Ceram,"porcelain,powder,metal-ceramic,dental",,,,100,,,G-Ceram MF Chroma Dentine - Incisal Powder - 200g,"G-CERAM MF Metal-Ceramic is a natural feldspathic porcelain powder, which is used to make metal sub-structured porcelain crowns and bridges, porcelain veneer an",pt1120t,simple,PT1120T,True,False
G-Ceram MF Chroma Dentine - Incisal Powder - 200g,PT1200T,"G-CERAM MF Metal-Ceramic is a natural feldspathic porcelain powder, which is used to make metal sub-structured porcelain crowns and bridges, porcelain veneer and dental inlays-onlays.
Thanks to its modelling ease of use, G-CERAM MF is a reliable ceramic powder for veneering, especially recommended for laboratories whose priority is rapidity and accuracy.",Labside > Porcelain Powder,G-Ceram,"porcelain,powder,metal-ceramic,dental",,,,100,,,G-Ceram MF Chroma Dentine - Incisal Powder - 200g,"G-CERAM MF Metal-Ceramic is a natural feldspathic porcelain powder, which is used to make metal sub-structured porcelain crowns and bridges, porcelain veneer an",pt1200t,simple,PT1200T,True,False
G-Ceram MF Chroma Dentine - Incisal Powder - 200g,PT1500T,"G-CERAM MF Metal-Ceramic is a natural feldspathic porcelain powder, which is used to make metal sub-structured porcelain crowns and bridges, porcelain veneer and dental inlays-onlays.
Thanks to its modelling ease of use, G-CERAM MF is a reliable ceramic powder for veneering, especially recommended for laboratories whose priority is rapidity and accuracy.",Labside > Porcelain Powder,G-Ceram,"porcelain,powder,metal-ceramic,dental",,,,100,,,G-Ceram MF Chroma Dentine - Incisal Powder - 200g,"G-CERAM MF Metal-Ceramic is a natural feldspathic porcelain powder, which is used to make metal sub-structured porcelain crowns and bridges, porcelain veneer an",pt1500t,simple,PT1500T,True,False
G-Ceram MF Chroma Dentine - Stain Powder - 200g,PTS3 W,"G-CERAM MF Metal-Ceramic is a natural feldspathic porcelain powder, which is used to make metal sub-structured porcelain crowns and bridges, porcelain veneer and dental inlays-onlays.
Thanks to its modelling ease of use, G-CERAM MF is a reliable ceramic powder for veneering, especially recommended for laboratories whose priority is rapidity and accuracy.",Labside > Porcelain Powder,G-Ceram,"porcelain,powder,metal-ceramic,dental",,,,100,,,G-Ceram MF Chroma Dentine - Stain Powder - 200g,"G-CERAM MF Metal-Ceramic is a natural feldspathic porcelain powder, which is used to make metal sub-structured porcelain crowns and bridges, porcelain veneer an",pts3-w,simple,PTS3 W,True,False
G-Ceram MF Chroma Dentine - Stain Powder - 200g,PTS3 P,"G-CERAM MF Metal-Ceramic is a natural feldspathic porcelain powder, which is used to make metal sub-structured porcelain crowns and bridges, porcelain veneer and dental inlays-onlays.
Thanks to its modelling ease of use, G-CERAM MF is a reliable ceramic powder for veneering, especially recommended for laboratories whose priority is rapidity and accuracy.",Labside > Porcelain Powder,G-Ceram,"porcelain,powder,metal-ceramic,dental",,,,100,,,G-Ceram MF Chroma Dentine - Stain Powder - 200g,"G-CERAM MF Metal-Ceramic is a natural feldspathic porcelain powder, which is used to make metal sub-structured porcelain crowns and bridges, porcelain veneer an",pts3-p,simple,PTS3 P,True,False
G-Ceram MF Chroma Dentine - Stain Powder - 200g,PTS3 Y,"G-CERAM MF Metal-Ceramic is a natural feldspathic porcelain powder, which is used to make metal sub-structured porcelain crowns and bridges, porcelain veneer and dental inlays-onlays.
Thanks to its modelling ease of use, G-CERAM MF is a reliable ceramic powder for veneering, especially recommended for laboratories whose priority is rapidity and accuracy.",Labside > Porcelain Powder,G-Ceram,"porcelain,powder,metal-ceramic,dental",,,,100,,,G-Ceram MF Chroma Dentine - Stain Powder - 200g,"G-CERAM MF Metal-Ceramic is a natural feldspathic porcelain powder, which is used to make metal sub-structured porcelain crowns and bridges, porcelain veneer an",pts3-y,simple,PTS3 Y,True,False
G-Ceram MF Chroma Dentine - Stain Powder - 200g,PTS3 V,"G-CERAM MF Metal-Ceramic is a natural feldspathic porcelain powder, which is used to make metal sub-structured porcelain crowns and bridges, porcelain veneer and dental inlays-onlays.
Thanks to its modelling ease of use, G-CERAM MF is a reliable ceramic powder for veneering, especially recommended for laboratories whose priority is rapidity and accuracy.",Labside > Porcelain Powder,G-Ceram,"porcelain,powder,metal-ceramic,dental",,,,100,,,G-Ceram MF Chroma Dentine - Stain Powder - 200g,"G-CERAM MF Metal-Ceramic is a natural feldspathic porcelain powder, which is used to make metal sub-structured porcelain crowns and bridges, porcelain veneer an",pts3-v,simple,PTS3 V,True,False
G-Ceram MF Chroma Dentine - Stain Powder - 200g,PTS3 O,"G-CERAM MF Metal-Ceramic is a natural feldspathic porcelain powder, which is used to make metal sub-structured porcelain crowns and bridges, porcelain veneer and dental inlays-onlays.
Thanks to its modelling ease of use, G-CERAM MF is a reliable ceramic powder for veneering, especially recommended for laboratories whose priority is rapidity and accuracy.",Labside > Porcelain Powder,G-Ceram,"porcelain,powder,metal-ceramic,dental",,,,100,,,G-Ceram MF Chroma Dentine - Stain Powder - 200g,"G-CERAM MF Metal-Ceramic is a natural feldspathic porcelain powder, which is used to make metal sub-structured porcelain crowns and bridges, porcelain veneer an",pts3-o,simple,PTS3 O,True,False
G-Ceram MF Chroma Dentine - Stain Powder - 200g,PTS3 B,"G-CERAM MF Metal-Ceramic is a natural feldspathic porcelain powder, which is used to make metal sub-structured porcelain crowns and bridges, porcelain veneer and dental inlays-onlays.
Thanks to its modelling ease of use, G-CERAM MF is a reliable ceramic powder for veneering, especially recommended for laboratories whose priority is rapidity and accuracy.",Labside > Porcelain Powder,G-Ceram,"porcelain,powder,metal-ceramic,dental",,,,100,,,G-Ceram MF Chroma Dentine - Stain Powder - 200g,"G-CERAM MF Metal-Ceramic is a natural feldspathic porcelain powder, which is used to make metal sub-structured porcelain crowns and bridges, porcelain veneer an",pts3-b,simple,PTS3 B,True,False
G-Ceram MF Chroma Dentine - Stain Powder - 200g,PTS3 GR,"G-CERAM MF Metal-Ceramic is a natural feldspathic porcelain powder, which is used to make metal sub-structured porcelain crowns and bridges, porcelain veneer and dental inlays-onlays.
Thanks to its modelling ease of use, G-CERAM MF is a reliable ceramic powder for veneering, especially recommended for laboratories whose priority is rapidity and accuracy.",Labside > Porcelain Powder,G-Ceram,"porcelain,powder,metal-ceramic,dental",,,,100,,,G-Ceram MF Chroma Dentine - Stain Powder - 200g,"G-CERAM MF Metal-Ceramic is a natural feldspathic porcelain powder, which is used to make metal sub-structured porcelain crowns and bridges, porcelain veneer an",pts3-gr,simple,PTS3 GR,True,False
G-Ceram MF Chroma Dentine - Stain Powder - 200g,PTS3 OC,"G-CERAM MF Metal-Ceramic is a natural feldspathic porcelain powder, which is used to make metal sub-structured porcelain crowns and bridges, porcelain veneer and dental inlays-onlays.
Thanks to its modelling ease of use, G-CERAM MF is a reliable ceramic powder for veneering, especially recommended for laboratories whose priority is rapidity and accuracy.",Labside > Porcelain Powder,G-Ceram,"porcelain,powder,metal-ceramic,dental",,,,100,,,G-Ceram MF Chroma Dentine - Stain Powder - 200g,"G-CERAM MF Metal-Ceramic is a natural feldspathic porcelain powder, which is used to make metal sub-structured porcelain crowns and bridges, porcelain veneer an",pts3-oc,simple,PTS3 OC,True,False
G-Ceram MF Chroma Dentine - Stain Powder - 200g,PTS3 BR,"G-CERAM MF Metal-Ceramic is a natural feldspathic porcelain powder, which is used to make metal sub-structured porcelain crowns and bridges, porcelain veneer and dental inlays-onlays.
Thanks to its modelling ease of use, G-CERAM MF is a reliable ceramic powder for veneering, especially recommended for laboratories whose priority is rapidity and accuracy.",Labside > Porcelain Powder,G-Ceram,"porcelain,powder,metal-ceramic,dental",,,,100,,,G-Ceram MF Chroma Dentine - Stain Powder - 200g,"G-CERAM MF Metal-Ceramic is a natural feldspathic porcelain powder, which is used to make metal sub-structured porcelain crowns and bridges, porcelain veneer an",pts3-br,simple,PTS3 BR,True,False
G-Ceram MF Chroma Dentine - Stain Powder - 200g,PTS3 G,"G-CERAM MF Metal-Ceramic is a natural feldspathic porcelain powder, which is used to make metal sub-structured porcelain crowns and bridges, porcelain veneer and dental inlays-onlays.
Thanks to its modelling ease of use, G-CERAM MF is a reliable ceramic powder for veneering, especially recommended for laboratories whose priority is rapidity and accuracy.",Labside > Porcelain Powder,G-Ceram,"porcelain,powder,metal-ceramic,dental",,,,100,,,G-Ceram MF Chroma Dentine - Stain Powder - 200g,"G-CERAM MF Metal-Ceramic is a natural feldspathic porcelain powder, which is used to make metal sub-structured porcelain crowns and bridges, porcelain veneer an",pts3-g,simple,PTS3 G,True,False
G-Ceram MF Chroma Dentine - Stain Powder - 200g,PTS3 BL,"G-CERAM MF Metal-Ceramic is a natural feldspathic porcelain powder, which is used to make metal sub-structured porcelain crowns and bridges, porcelain veneer and dental inlays-onlays.
Thanks to its modelling ease of use, G-CERAM MF is a reliable ceramic powder for veneering, especially recommended for laboratories whose priority is rapidity and accuracy.",Labside > Porcelain Powder,G-Ceram,"porcelain,powder,metal-ceramic,dental",,,,100,,,G-Ceram MF Chroma Dentine - Stain Powder - 200g,"G-CERAM MF Metal-Ceramic is a natural feldspathic porcelain powder, which is used to make metal sub-structured porcelain crowns and bridges, porcelain veneer an",pts3-bl,simple,PTS3 BL,True,False
G-Ceram MF Chroma Dentine - Modifier Powder - 200g,PTOM20W,"G-CERAM MF Metal-Ceramic is a natural feldspathic porcelain powder, which is used to make metal sub-structured porcelain crowns and bridges, porcelain veneer and dental inlays-onlays.
Thanks to its modelling ease of use, G-CERAM MF is a reliable ceramic powder for veneering, especially recommended for laboratories whose priority is rapidity and accuracy.",Labside > Porcelain Powder,G-Ceram,"porcelain,powder,metal-ceramic,dental",,,,100,,,G-Ceram MF Chroma Dentine - Modifier Powder - 200g,"G-CERAM MF Metal-Ceramic is a natural feldspathic porcelain powder, which is used to make metal sub-structured porcelain crowns and bridges, porcelain veneer an",ptom20w,simple,PTOM20W,True,False
G-Ceram MF Chroma Dentine - Modifier Powder - 200g,PTOM20P,"G-CERAM MF Metal-Ceramic is a natural feldspathic porcelain powder, which is used to make metal sub-structured porcelain crowns and bridges, porcelain veneer and dental inlays-onlays.
Thanks to its modelling ease of use, G-CERAM MF is a reliable ceramic powder for veneering, especially recommended for laboratories whose priority is rapidity and accuracy.",Labside > Porcelain Powder,G-Ceram,"porcelain,powder,metal-ceramic,dental",,,,100,,,G-Ceram MF Chroma Dentine - Modifier Powder - 200g,"G-CERAM MF Metal-Ceramic is a natural feldspathic porcelain powder, which is used to make metal sub-structured porcelain crowns and bridges, porcelain veneer an",ptom20p,simple,PTOM20P,True,False
G-Ceram MF Chroma Dentine - Modifier Powder - 200g,PTOM20Y,"G-CERAM MF Metal-Ceramic is a natural feldspathic porcelain powder, which is used to make metal sub-structured porcelain crowns and bridges, porcelain veneer and dental inlays-onlays.
Thanks to its modelling ease of use, G-CERAM MF is a reliable ceramic powder for veneering, especially recommended for laboratories whose priority is rapidity and accuracy.",Labside > Porcelain Powder,G-Ceram,"porcelain,powder,metal-ceramic,dental",,,,100,,,G-Ceram MF Chroma Dentine - Modifier Powder - 200g,"G-CERAM MF Metal-Ceramic is a natural feldspathic porcelain powder, which is used to make metal sub-structured porcelain crowns and bridges, porcelain veneer an",ptom20y,simple,PTOM20Y,True,False
G-Ceram MF Chroma Dentine - Modifier Powder - 200g,PTOM20O,"G-CERAM MF Metal-Ceramic is a natural feldspathic porcelain powder, which is used to make metal sub-structured porcelain crowns and bridges, porcelain veneer and dental inlays-onlays.
Thanks to its modelling ease of use, G-CERAM MF is a reliable ceramic powder for veneering, especially recommended for laboratories whose priority is rapidity and accuracy.",Labside > Porcelain Powder,G-Ceram,"porcelain,powder,metal-ceramic,dental",,,,100,,,G-Ceram MF Chroma Dentine - Modifier Powder - 200g,"G-CERAM MF Metal-Ceramic is a natural feldspathic porcelain powder, which is used to make metal sub-structured porcelain crowns and bridges, porcelain veneer an",ptom20o,simple,PTOM20O,True,False
G-Ceram MF Chroma Dentine - Modifier Powder - 200g,PTOM20G,"G-CERAM MF Metal-Ceramic is a natural feldspathic porcelain powder, which is used to make metal sub-structured porcelain crowns and bridges, porcelain veneer and dental inlays-onlays.
Thanks to its modelling ease of use, G-CERAM MF is a reliable ceramic powder for veneering, especially recommended for laboratories whose priority is rapidity and accuracy.",Labside > Porcelain Powder,G-Ceram,"porcelain,powder,metal-ceramic,dental",,,,100,,,G-Ceram MF Chroma Dentine - Modifier Powder - 200g,"G-CERAM MF Metal-Ceramic is a natural feldspathic porcelain powder, which is used to make metal sub-structured porcelain crowns and bridges, porcelain veneer an",ptom20g,simple,PTOM20G,True,False
G-Ceram MF Chroma Dentine - Modifier Powder - 200g,PTOM20OC,"G-CERAM MF Metal-Ceramic is a natural feldspathic porcelain powder, which is used to make metal sub-structured porcelain crowns and bridges, porcelain veneer and dental inlays-onlays.
Thanks to its modelling ease of use, G-CERAM MF is a reliable ceramic powder for veneering, especially recommended for laboratories whose priority is rapidity and accuracy.",Labside > Porcelain Powder,G-Ceram,"porcelain,powder,metal-ceramic,dental",,,,100,,,G-Ceram MF Chroma Dentine - Modifier Powder - 200g,"G-CERAM MF Metal-Ceramic is a natural feldspathic porcelain powder, which is used to make metal sub-structured porcelain crowns and bridges, porcelain veneer an",ptom20oc,simple,PTOM20OC,True,False
G-Ceram MF Chroma Dentine - Modifier Powder - 200g,PTOM20BR,"G-CERAM MF Metal-Ceramic is a natural feldspathic porcelain powder, which is used to make metal sub-structured porcelain crowns and bridges, porcelain veneer and dental inlays-onlays.
Thanks to its modelling ease of use, G-CERAM MF is a reliable ceramic powder for veneering, especially recommended for laboratories whose priority is rapidity and accuracy.",Labside > Porcelain Powder,G-Ceram,"porcelain,powder,metal-ceramic,dental",,,,100,,,G-Ceram MF Chroma Dentine - Modifier Powder - 200g,"G-CERAM MF Metal-Ceramic is a natural feldspathic porcelain powder, which is used to make metal sub-structured porcelain crowns and bridges, porcelain veneer an",ptom20br,simple,PTOM20BR,True,False
G-Ceram MF Chroma Dentine - Modifier Powder - 200g,PTD20MODW,"G-CERAM MF Metal-Ceramic is a natural feldspathic porcelain powder, which is used to make metal sub-structured porcelain crowns and bridges, porcelain veneer and dental inlays-onlays.
Thanks to its modelling ease of use, G-CERAM MF is a reliable ceramic powder for veneering, especially recommended for laboratories whose priority is rapidity and accuracy.",Labside > Porcelain Powder,G-Ceram,"porcelain,powder,metal-ceramic,dental",,,,100,,,G-Ceram MF Chroma Dentine - Modifier Powder - 200g,"G-CERAM MF Metal-Ceramic is a natural feldspathic porcelain powder, which is used to make metal sub-structured porcelain crowns and bridges, porcelain veneer an",ptd20modw,simple,PTD20MODW,True,False
G-Ceram MF Chroma Dentine - Modifier Powder - 200g,PTD20MODP,"G-CERAM MF Metal-Ceramic is a natural feldspathic porcelain powder, which is used to make metal sub-structured porcelain crowns and bridges, porcelain veneer and dental inlays-onlays.
Thanks to its modelling ease of use, G-CERAM MF is a reliable ceramic powder for veneering, especially recommended for laboratories whose priority is rapidity and accuracy.",Labside > Porcelain Powder,G-Ceram,"porcelain,powder,metal-ceramic,dental",,,,100,,,G-Ceram MF Chroma Dentine - Modifier Powder - 200g,"G-CERAM MF Metal-Ceramic is a natural feldspathic porcelain powder, which is used to make metal sub-structured porcelain crowns and bridges, porcelain veneer an",ptd20modp,simple,PTD20MODP,True,False
G-Ceram MF Chroma Dentine - Modifier Powder - 200g,PTD20MODY,"G-CERAM MF Metal-Ceramic is a natural feldspathic porcelain powder, which is used to make metal sub-structured porcelain crowns and bridges, porcelain veneer and dental inlays-onlays.
Thanks to its modelling ease of use, G-CERAM MF is a reliable ceramic powder for veneering, especially recommended for laboratories whose priority is rapidity and accuracy.",Labside > Porcelain Powder,G-Ceram,"porcelain,powder,metal-ceramic,dental",,,,100,,,G-Ceram MF Chroma Dentine - Modifier Powder - 200g,"G-CERAM MF Metal-Ceramic is a natural feldspathic porcelain powder, which is used to make metal sub-structured porcelain crowns and bridges, porcelain veneer an",ptd20mody,simple,PTD20MODY,True,False
G-Ceram MF Chroma Dentine - Modifier Powder - 200g,PTD20MODV,"G-CERAM MF Metal-Ceramic is a natural feldspathic porcelain powder, which is used to make metal sub-structured porcelain crowns and bridges, porcelain veneer and dental inlays-onlays.
Thanks to its modelling ease of use, G-CERAM MF is a reliable ceramic powder for veneering, especially recommended for laboratories whose priority is rapidity and accuracy.",Labside > Porcelain Powder,G-Ceram,"porcelain,powder,metal-ceramic,dental",,,,100,,,G-Ceram MF Chroma Dentine - Modifier Powder - 200g,"G-CERAM MF Metal-Ceramic is a natural feldspathic porcelain powder, which is used to make metal sub-structured porcelain crowns and bridges, porcelain veneer an",ptd20modv,simple,PTD20MODV,True,False
G-Ceram MF Chroma Dentine - Modifier Powder - 200g,PTD20MODO,"G-CERAM MF Metal-Ceramic is a natural feldspathic porcelain powder, which is used to make metal sub-structured porcelain crowns and bridges, porcelain veneer and dental inlays-onlays.
Thanks to its modelling ease of use, G-CERAM MF is a reliable ceramic powder for veneering, especially recommended for laboratories whose priority is rapidity and accuracy.",Labside > Porcelain Powder,G-Ceram,"porcelain,powder,metal-ceramic,dental",,,,100,,,G-Ceram MF Chroma Dentine - Modifier Powder - 200g,"G-CERAM MF Metal-Ceramic is a natural feldspathic porcelain powder, which is used to make metal sub-structured porcelain crowns and bridges, porcelain veneer an",ptd20modo,simple,PTD20MODO,True,False
G-Ceram MF Chroma Dentine - Modifier Powder - 200g,PTD20MODB,"G-CERAM MF Metal-Ceramic is a natural feldspathic porcelain powder, which is used to make metal sub-structured porcelain crowns and bridges, porcelain veneer and dental inlays-onlays.
Thanks to its modelling ease of use, G-CERAM MF is a reliable ceramic powder for veneering, especially recommended for laboratories whose priority is rapidity and accuracy.",Labside > Porcelain Powder,G-Ceram,"porcelain,powder,metal-ceramic,dental",,,,100,,,G-Ceram MF Chroma Dentine - Modifier Powder - 200g,"G-CERAM MF Metal-Ceramic is a natural feldspathic porcelain powder, which is used to make metal sub-structured porcelain crowns and bridges, porcelain veneer an",ptd20modb,simple,PTD20MODB,True,False
G-Ceram MF Chroma Dentine - Modifier Powder - 200g,PTD20MODG,"G-CERAM MF Metal-Ceramic is a natural feldspathic porcelain powder, which is used to make metal sub-structured porcelain crowns and bridges, porcelain veneer and dental inlays-onlays.
Thanks to its modelling ease of use, G-CERAM MF is a reliable ceramic powder for veneering, especially recommended for laboratories whose priority is rapidity and accuracy.",Labside > Porcelain Powder,G-Ceram,"porcelain,powder,metal-ceramic,dental",,,,100,,,G-Ceram MF Chroma Dentine - Modifier Powder - 200g,"G-CERAM MF Metal-Ceramic is a natural feldspathic porcelain powder, which is used to make metal sub-structured porcelain crowns and bridges, porcelain veneer an",ptd20modg,simple,PTD20MODG,True,False
G-Ceram MF Chroma Dentine - Modifier Powder - 200g,PTD20MODOC,"G-CERAM MF Metal-Ceramic is a natural feldspathic porcelain powder, which is used to make metal sub-structured porcelain crowns and bridges, porcelain veneer and dental inlays-onlays.
Thanks to its modelling ease of use, G-CERAM MF is a reliable ceramic powder for veneering, especially recommended for laboratories whose priority is rapidity and accuracy.",Labside > Porcelain Powder,G-Ceram,"porcelain,powder,metal-ceramic,dental",,,,100,,,G-Ceram MF Chroma Dentine - Modifier Powder - 200g,"G-CERAM MF Metal-Ceramic is a natural feldspathic porcelain powder, which is used to make metal sub-structured porcelain crowns and bridges, porcelain veneer an",ptd20modoc,simple,PTD20MODOC,True,False
G-Ceram MF Chroma Dentine - Modifier Powder - 200g,PTD20MODBR,"G-CERAM MF Metal-Ceramic is a natural feldspathic porcelain powder, which is used to make metal sub-structured porcelain crowns and bridges, porcelain veneer and dental inlays-onlays.
Thanks to its modelling ease of use, G-CERAM MF is a reliable ceramic powder for veneering, especially recommended for laboratories whose priority is rapidity and accuracy.",Labside > Porcelain Powder,G-Ceram,"porcelain,powder,metal-ceramic,dental",,,,100,,,G-Ceram MF Chroma Dentine - Modifier Powder - 200g,"G-CERAM MF Metal-Ceramic is a natural feldspathic porcelain powder, which is used to make metal sub-structured porcelain crowns and bridges, porcelain veneer an",ptd20modbr,simple,PTD20MODBR,True,False
G-Ceram MF Chroma Dentine - Modifier Powder - 200g,PT120MODW,"G-CERAM MF Metal-Ceramic is a natural feldspathic porcelain powder, which is used to make metal sub-structured porcelain crowns and bridges, porcelain veneer and dental inlays-onlays.
Thanks to its modelling ease of use, G-CERAM MF is a reliable ceramic powder for veneering, especially recommended for laboratories whose priority is rapidity and accuracy.",Labside > Porcelain Powder,G-Ceram,"porcelain,powder,metal-ceramic,dental",,,,100,,,G-Ceram MF Chroma Dentine - Modifier Powder - 200g,"G-CERAM MF Metal-Ceramic is a natural feldspathic porcelain powder, which is used to make metal sub-structured porcelain crowns and bridges, porcelain veneer an",pt120modw,simple,PT120MODW,True,False
G-Ceram MF Chroma Dentine - Modifier Powder - 200g,PT120MODP,"G-CERAM MF Metal-Ceramic is a natural feldspathic porcelain powder, which is used to make metal sub-structured porcelain crowns and bridges, porcelain veneer and dental inlays-onlays.
Thanks to its modelling ease of use, G-CERAM MF is a reliable ceramic powder for veneering, especially recommended for laboratories whose priority is rapidity and accuracy.",Labside > Porcelain Powder,G-Ceram,"porcelain,powder,metal-ceramic,dental",,,,100,,,G-Ceram MF Chroma Dentine - Modifier Powder - 200g,"G-CERAM MF Metal-Ceramic is a natural feldspathic porcelain powder, which is used to make metal sub-structured porcelain crowns and bridges, porcelain veneer an",pt120modp,simple,PT120MODP,True,False
G-Ceram MF Chroma Dentine - Modifier Powder - 200g,PT120MODY,"G-CERAM MF Metal-Ceramic is a natural feldspathic porcelain powder, which is used to make metal sub-structured porcelain crowns and bridges, porcelain veneer and dental inlays-onlays.
Thanks to its modelling ease of use, G-CERAM MF is a reliable ceramic powder for veneering, especially recommended for laboratories whose priority is rapidity and accuracy.",Labside > Porcelain Powder,G-Ceram,"porcelain,powder,metal-ceramic,dental",,,,100,,,G-Ceram MF Chroma Dentine - Modifier Powder - 200g,"G-CERAM MF Metal-Ceramic is a natural feldspathic porcelain powder, which is used to make metal sub-structured porcelain crowns and bridges, porcelain veneer an",pt120mody,simple,PT120MODY,True,False
G-Ceram MF Chroma Dentine - Modifier Powder - 200g,PT120MODV,"G-CERAM MF Metal-Ceramic is a natural feldspathic porcelain powder, which is used to make metal sub-structured porcelain crowns and bridges, porcelain veneer and dental inlays-onlays.
Thanks to its modelling ease of use, G-CERAM MF is a reliable ceramic powder for veneering, especially recommended for laboratories whose priority is rapidity and accuracy.",Labside > Porcelain Powder,G-Ceram,"porcelain,powder,metal-ceramic,dental",,,,100,,,G-Ceram MF Chroma Dentine - Modifier Powder - 200g,"G-CERAM MF Metal-Ceramic is a natural feldspathic porcelain powder, which is used to make metal sub-structured porcelain crowns and bridges, porcelain veneer an",pt120modv,simple,PT120MODV,True,False
G-Ceram MF Chroma Dentine - Modifier Powder - 200g,PT120MODO,"G-CERAM MF Metal-Ceramic is a natural feldspathic porcelain powder, which is used to make metal sub-structured porcelain crowns and bridges, porcelain veneer and dental inlays-onlays.
Thanks to its modelling ease of use, G-CERAM MF is a reliable ceramic powder for veneering, especially recommended for laboratories whose priority is rapidity and accuracy.",Labside > Porcelain Powder,G-Ceram,"porcelain,powder,metal-ceramic,dental",,,,100,,,G-Ceram MF Chroma Dentine - Modifier Powder - 200g,"G-CERAM MF Metal-Ceramic is a natural feldspathic porcelain powder, which is used to make metal sub-structured porcelain crowns and bridges, porcelain veneer an",pt120modo,simple,PT120MODO,True,False
G-Ceram MF Chroma Dentine - Modifier Powder - 200g,PT120MODB,"G-CERAM MF Metal-Ceramic is a natural feldspathic porcelain powder, which is used to make metal sub-structured porcelain crowns and bridges, porcelain veneer and dental inlays-onlays.
Thanks to its modelling ease of use, G-CERAM MF is a reliable ceramic powder for veneering, especially recommended for laboratories whose priority is rapidity and accuracy.",Labside > Porcelain Powder,G-Ceram,"porcelain,powder,metal-ceramic,dental",,,,100,,,G-Ceram MF Chroma Dentine - Modifier Powder - 200g,"G-CERAM MF Metal-Ceramic is a natural feldspathic porcelain powder, which is used to make metal sub-structured porcelain crowns and bridges, porcelain veneer an",pt120modb,simple,PT120MODB,True,False
G-Ceram MF Chroma Dentine - Modifier Powder - 200g,PT120MODG,"G-CERAM MF Metal-Ceramic is a natural feldspathic porcelain powder, which is used to make metal sub-structured porcelain crowns and bridges, porcelain veneer and dental inlays-onlays.
Thanks to its modelling ease of use, G-CERAM MF is a reliable ceramic powder for veneering, especially recommended for laboratories whose priority is rapidity and accuracy.",Labside > Porcelain Powder,G-Ceram,"porcelain,powder,metal-ceramic,dental",,,,100,,,G-Ceram MF Chroma Dentine - Modifier Powder - 200g,"G-CERAM MF Metal-Ceramic is a natural feldspathic porcelain powder, which is used to make metal sub-structured porcelain crowns and bridges, porcelain veneer an",pt120modg,simple,PT120MODG,True,False
G-Ceram MF Chroma Dentine - Modifier Powder - 200g,PT120MODOC,"G-CERAM MF Metal-Ceramic is a natural feldspathic porcelain powder, which is used to make metal sub-structured porcelain crowns and bridges, porcelain veneer and dental inlays-onlays.
Thanks to its modelling ease of use, G-CERAM MF is a reliable ceramic powder for veneering, especially recommended for laboratories whose priority is rapidity and accuracy.",Labside > Porcelain Powder,G-Ceram,"porcelain,powder,metal-ceramic,dental",,,,100,,,G-Ceram MF Chroma Dentine - Modifier Powder - 200g,"G-CERAM MF Metal-Ceramic is a natural feldspathic porcelain powder, which is used to make metal sub-structured porcelain crowns and bridges, porcelain veneer an",pt120modoc,simple,PT120MODOC,True,False
G-Ceram MF Chroma Dentine - Modifier Powder - 200g,PT120MODBR,"G-CERAM MF Metal-Ceramic is a natural feldspathic porcelain powder, which is used to make metal sub-structured porcelain crowns and bridges, porcelain veneer and dental inlays-onlays.
Thanks to its modelling ease of use, G-CERAM MF is a reliable ceramic powder for veneering, especially recommended for laboratories whose priority is rapidity and accuracy.",Labside > Porcelain Powder,G-Ceram,"porcelain,powder,metal-ceramic,dental",,,,100,,,G-Ceram MF Chroma Dentine - Modifier Powder - 200g,"G-CERAM MF Metal-Ceramic is a natural feldspathic porcelain powder, which is used to make metal sub-structured porcelain crowns and bridges, porcelain veneer an",pt120modbr,simple,PT120MODBR,True,False
G-Ceram ZF Base Dentine - A00 - 20g,PTZ020A00,"G-Ceram ZF Zirconia-Ceramic powder is a natural feldspathic porcelain powder, which is used to make zirconium oxide (ZrO2) and both lithium disilicate (LS2) sub-structured porcelain crowns and bridges, porcelain veneer.
Thanks to its modelling ease of use, G-Ceram ZF Zirconia-Ceramic powder is a reliable ceramic powder for veneering.",Labside > Porcelain Powder,G-Ceram,"porcelain,powder,zirconia-ceramic,dental",,,,100,,,G-Ceram ZF Base Dentine - A00 - 20g,"G-Ceram ZF Zirconia-Ceramic powder is a natural feldspathic porcelain powder, which is used to make zirconium oxide (ZrO2) and both lithium disilicate (LS2) sub",ptz020a00,simple,PTZ020A00,True,False
G-Ceram ZF Base Dentine - A00 - 50g,PTZ050A00,"G-Ceram ZF Zirconia-Ceramic powder is a natural feldspathic porcelain powder, which is used to make zirconium oxide (ZrO2) and both lithium disilicate (LS2) sub-structured porcelain crowns and bridges, porcelain veneer.
Thanks to its modelling ease of use, G-Ceram ZF Zirconia-Ceramic powder is a reliable ceramic powder for veneering.",Labside > Porcelain Powder,G-Ceram,"porcelain,powder,zirconia-ceramic,dental",,,,100,,,G-Ceram ZF Base Dentine - A00 - 50g,"G-Ceram ZF Zirconia-Ceramic powder is a natural feldspathic porcelain powder, which is used to make zirconium oxide (ZrO2) and both lithium disilicate (LS2) sub",ptz050a00,simple,PTZ050A00,True,False
G-Ceram ZF Base Dentine - A0 - 20g,PTZ020A0,"G-Ceram ZF Zirconia-Ceramic powder is a natural feldspathic porcelain powder, which is used to make zirconium oxide (ZrO2) and both lithium disilicate (LS2) sub-structured porcelain crowns and bridges, porcelain veneer.
Thanks to its modelling ease of use, G-Ceram ZF Zirconia-Ceramic powder is a reliable ceramic powder for veneering.",Labside > Porcelain Powder,G-Ceram,"porcelain,powder,zirconia-ceramic,dental",,,,100,,,G-Ceram ZF Base Dentine - A0 - 20g,"G-Ceram ZF Zirconia-Ceramic powder is a natural feldspathic porcelain powder, which is used to make zirconium oxide (ZrO2) and both lithium disilicate (LS2) sub",ptz020a0,simple,PTZ020A0,True,False
G-Ceram ZF Base Dentine - A0 - 50g,PTZ050A0,"G-Ceram ZF Zirconia-Ceramic powder is a natural feldspathic porcelain powder, which is used to make zirconium oxide (ZrO2) and both lithium disilicate (LS2) sub-structured porcelain crowns and bridges, porcelain veneer.
Thanks to its modelling ease of use, G-Ceram ZF Zirconia-Ceramic powder is a reliable ceramic powder for veneering.",Labside > Porcelain Powder,G-Ceram,"porcelain,powder,zirconia-ceramic,dental",,,,100,,,G-Ceram ZF Base Dentine - A0 - 50g,"G-Ceram ZF Zirconia-Ceramic powder is a natural feldspathic porcelain powder, which is used to make zirconium oxide (ZrO2) and both lithium disilicate (LS2) sub",ptz050a0,simple,PTZ050A0,True,False
G-Ceram ZF Base Dentine - A1 - 20g,PTZ020A1,"G-Ceram ZF Zirconia-Ceramic powder is a natural feldspathic porcelain powder, which is used to make zirconium oxide (ZrO2) and both lithium disilicate (LS2) sub-structured porcelain crowns and bridges, porcelain veneer.
Thanks to its modelling ease of use, G-Ceram ZF Zirconia-Ceramic powder is a reliable ceramic powder for veneering.",Labside > Porcelain Powder,G-Ceram,"porcelain,powder,zirconia-ceramic,dental",,,,100,,,G-Ceram ZF Base Dentine - A1 - 20g,"G-Ceram ZF Zirconia-Ceramic powder is a natural feldspathic porcelain powder, which is used to make zirconium oxide (ZrO2) and both lithium disilicate (LS2) sub",ptz020a1,simple,PTZ020A1,True,False
G-Ceram ZF Base Dentine - A1 - 50g,PTZ050A1,"G-Ceram ZF Zirconia-Ceramic powder is a natural feldspathic porcelain powder, which is used to make zirconium oxide (ZrO2) and both lithium disilicate (LS2) sub-structured porcelain crowns and bridges, porcelain veneer.
Thanks to its modelling ease of use, G-Ceram ZF Zirconia-Ceramic powder is a reliable ceramic powder for veneering.",Labside > Porcelain Powder,G-Ceram,"porcelain,powder,zirconia-ceramic,dental",,,,100,,,G-Ceram ZF Base Dentine - A1 - 50g,"G-Ceram ZF Zirconia-Ceramic powder is a natural feldspathic porcelain powder, which is used to make zirconium oxide (ZrO2) and both lithium disilicate (LS2) sub",ptz050a1,simple,PTZ050A1,True,False
G-Ceram ZF Base Dentine - A2 - 20g,PTZ020A2,"G-Ceram ZF Zirconia-Ceramic powder is a natural feldspathic porcelain powder, which is used to make zirconium oxide (ZrO2) and both lithium disilicate (LS2) sub-structured porcelain crowns and bridges, porcelain veneer.
Thanks to its modelling ease of use, G-Ceram ZF Zirconia-Ceramic powder is a reliable ceramic powder for veneering.",Labside > Porcelain Powder,G-Ceram,"porcelain,powder,zirconia-ceramic,dental",,,,100,,,G-Ceram ZF Base Dentine - A2 - 20g,"G-Ceram ZF Zirconia-Ceramic powder is a natural feldspathic porcelain powder, which is used to make zirconium oxide (ZrO2) and both lithium disilicate (LS2) sub",ptz020a2,simple,PTZ020A2,True,False
G-Ceram ZF Base Dentine - A2 - 50g,PTZ050A2,"G-Ceram ZF Zirconia-Ceramic powder is a natural feldspathic porcelain powder, which is used to make zirconium oxide (ZrO2) and both lithium disilicate (LS2) sub-structured porcelain crowns and bridges, porcelain veneer.
Thanks to its modelling ease of use, G-Ceram ZF Zirconia-Ceramic powder is a reliable ceramic powder for veneering.",Labside > Porcelain Powder,G-Ceram,"porcelain,powder,zirconia-ceramic,dental",,,,100,,,G-Ceram ZF Base Dentine - A2 - 50g,"G-Ceram ZF Zirconia-Ceramic powder is a natural feldspathic porcelain powder, which is used to make zirconium oxide (ZrO2) and both lithium disilicate (LS2) sub",ptz050a2,simple,PTZ050A2,True,False
G-Ceram ZF Base Dentine - A3 - 20g,PTZ020A3,"G-Ceram ZF Zirconia-Ceramic powder is a natural feldspathic porcelain powder, which is used to make zirconium oxide (ZrO2) and both lithium disilicate (LS2) sub-structured porcelain crowns and bridges, porcelain veneer.
Thanks to its modelling ease of use, G-Ceram ZF Zirconia-Ceramic powder is a reliable ceramic powder for veneering.",Labside > Porcelain Powder,G-Ceram,"porcelain,powder,zirconia-ceramic,dental",,,,100,,,G-Ceram ZF Base Dentine - A3 - 20g,"G-Ceram ZF Zirconia-Ceramic powder is a natural feldspathic porcelain powder, which is used to make zirconium oxide (ZrO2) and both lithium disilicate (LS2) sub",ptz020a3,simple,PTZ020A3,True,False
G-Ceram ZF Base Dentine - A3 - 50g,PTZ050A3,"G-Ceram ZF Zirconia-Ceramic powder is a natural feldspathic porcelain powder, which is used to make zirconium oxide (ZrO2) and both lithium disilicate (LS2) sub-structured porcelain crowns and bridges, porcelain veneer.
Thanks to its modelling ease of use, G-Ceram ZF Zirconia-Ceramic powder is a reliable ceramic powder for veneering.",Labside > Porcelain Powder,G-Ceram,"porcelain,powder,zirconia-ceramic,dental",,,,100,,,G-Ceram ZF Base Dentine - A3 - 50g,"G-Ceram ZF Zirconia-Ceramic powder is a natural feldspathic porcelain powder, which is used to make zirconium oxide (ZrO2) and both lithium disilicate (LS2) sub",ptz050a3,simple,PTZ050A3,True,False
G-Ceram ZF Base Dentine - A3.5 - 20g,PTZ020A3.5,"G-Ceram ZF Zirconia-Ceramic powder is a natural feldspathic porcelain powder, which is used to make zirconium oxide (ZrO2) and both lithium disilicate (LS2) sub-structured porcelain crowns and bridges, porcelain veneer.
Thanks to its modelling ease of use, G-Ceram ZF Zirconia-Ceramic powder is a reliable ceramic powder for veneering.",Labside > Porcelain Powder,G-Ceram,"porcelain,powder,zirconia-ceramic,dental",,,,100,,,G-Ceram ZF Base Dentine - A3.5 - 20g,"G-Ceram ZF Zirconia-Ceramic powder is a natural feldspathic porcelain powder, which is used to make zirconium oxide (ZrO2) and both lithium disilicate (LS2) sub",ptz020a3.5,simple,PTZ020A3.5,True,False
G-Ceram ZF Base Dentine - A3.5 - 50g,PTZ050A3.5,"G-Ceram ZF Zirconia-Ceramic powder is a natural feldspathic porcelain powder, which is used to make zirconium oxide (ZrO2) and both lithium disilicate (LS2) sub-structured porcelain crowns and bridges, porcelain veneer.
Thanks to its modelling ease of use, G-Ceram ZF Zirconia-Ceramic powder is a reliable ceramic powder for veneering.",Labside > Porcelain Powder,G-Ceram,"porcelain,powder,zirconia-ceramic,dental",,,,100,,,G-Ceram ZF Base Dentine - A3.5 - 50g,"G-Ceram ZF Zirconia-Ceramic powder is a natural feldspathic porcelain powder, which is used to make zirconium oxide (ZrO2) and both lithium disilicate (LS2) sub",ptz050a3.5,simple,PTZ050A3.5,True,False
G-Ceram ZF Base Dentine - A4 - 20g,PTZ020A4,"G-Ceram ZF Zirconia-Ceramic powder is a natural feldspathic porcelain powder, which is used to make zirconium oxide (ZrO2) and both lithium disilicate (LS2) sub-structured porcelain crowns and bridges, porcelain veneer.
Thanks to its modelling ease of use, G-Ceram ZF Zirconia-Ceramic powder is a reliable ceramic powder for veneering.",Labside > Porcelain Powder,G-Ceram,"porcelain,powder,zirconia-ceramic,dental",,,,100,,,G-Ceram ZF Base Dentine - A4 - 20g,"G-Ceram ZF Zirconia-Ceramic powder is a natural feldspathic porcelain powder, which is used to make zirconium oxide (ZrO2) and both lithium disilicate (LS2) sub",ptz020a4,simple,PTZ020A4,True,False
G-Ceram ZF Base Dentine - A4 - 50g,PTZ050A4,"G-Ceram ZF Zirconia-Ceramic powder is a natural feldspathic porcelain powder, which is used to make zirconium oxide (ZrO2) and both lithium disilicate (LS2) sub-structured porcelain crowns and bridges, porcelain veneer.
Thanks to its modelling ease of use, G-Ceram ZF Zirconia-Ceramic powder is a reliable ceramic powder for veneering.",Labside > Porcelain Powder,G-Ceram,"porcelain,powder,zirconia-ceramic,dental",,,,100,,,G-Ceram ZF Base Dentine - A4 - 50g,"G-Ceram ZF Zirconia-Ceramic powder is a natural feldspathic porcelain powder, which is used to make zirconium oxide (ZrO2) and both lithium disilicate (LS2) sub",ptz050a4,simple,PTZ050A4,True,False
G-Ceram ZF Base Dentine - B2 - 20g,PTZ020B2,"G-Ceram ZF Zirconia-Ceramic powder is a natural feldspathic porcelain powder, which is used to make zirconium oxide (ZrO2) and both lithium disilicate (LS2) sub-structured porcelain crowns and bridges, porcelain veneer.
Thanks to its modelling ease of use, G-Ceram ZF Zirconia-Ceramic powder is a reliable ceramic powder for veneering.",Labside > Porcelain Powder,G-Ceram,"porcelain,powder,zirconia-ceramic,dental",,,,100,,,G-Ceram ZF Base Dentine - B2 - 20g,"G-Ceram ZF Zirconia-Ceramic powder is a natural feldspathic porcelain powder, which is used to make zirconium oxide (ZrO2) and both lithium disilicate (LS2) sub",ptz020b2,simple,PTZ020B2,True,False
G-Ceram ZF Base Dentine - B2 - 50g,PTZ050B2,"G-Ceram ZF Zirconia-Ceramic powder is a natural feldspathic porcelain powder, which is used to make zirconium oxide (ZrO2) and both lithium disilicate (LS2) sub-structured porcelain crowns and bridges, porcelain veneer.
Thanks to its modelling ease of use, G-Ceram ZF Zirconia-Ceramic powder is a reliable ceramic powder for veneering.",Labside > Porcelain Powder,G-Ceram,"porcelain,powder,zirconia-ceramic,dental",,,,100,,,G-Ceram ZF Base Dentine - B2 - 50g,"G-Ceram ZF Zirconia-Ceramic powder is a natural feldspathic porcelain powder, which is used to make zirconium oxide (ZrO2) and both lithium disilicate (LS2) sub",ptz050b2,simple,PTZ050B2,True,False
G-Ceram ZF Base Dentine - B3 - 20g,PTZ020B3,"G-Ceram ZF Zirconia-Ceramic powder is a natural feldspathic porcelain powder, which is used to make zirconium oxide (ZrO2) and both lithium disilicate (LS2) sub-structured porcelain crowns and bridges, porcelain veneer.
Thanks to its modelling ease of use, G-Ceram ZF Zirconia-Ceramic powder is a reliable ceramic powder for veneering.",Labside > Porcelain Powder,G-Ceram,"porcelain,powder,zirconia-ceramic,dental",,,,100,,,G-Ceram ZF Base Dentine - B3 - 20g,"G-Ceram ZF Zirconia-Ceramic powder is a natural feldspathic porcelain powder, which is used to make zirconium oxide (ZrO2) and both lithium disilicate (LS2) sub",ptz020b3,simple,PTZ020B3,True,False
G-Ceram ZF Base Dentine - B3 - 50g,PTZ050B3,"G-Ceram ZF Zirconia-Ceramic powder is a natural feldspathic porcelain powder, which is used to make zirconium oxide (ZrO2) and both lithium disilicate (LS2) sub-structured porcelain crowns and bridges, porcelain veneer.
Thanks to its modelling ease of use, G-Ceram ZF Zirconia-Ceramic powder is a reliable ceramic powder for veneering.",Labside > Porcelain Powder,G-Ceram,"porcelain,powder,zirconia-ceramic,dental",,,,100,,,G-Ceram ZF Base Dentine - B3 - 50g,"G-Ceram ZF Zirconia-Ceramic powder is a natural feldspathic porcelain powder, which is used to make zirconium oxide (ZrO2) and both lithium disilicate (LS2) sub",ptz050b3,simple,PTZ050B3,True,False
G-Ceram ZF Base Dentine - B4 - 20g,PTZ020B4,"G-Ceram ZF Zirconia-Ceramic powder is a natural feldspathic porcelain powder, which is used to make zirconium oxide (ZrO2) and both lithium disilicate (LS2) sub-structured porcelain crowns and bridges, porcelain veneer.
Thanks to its modelling ease of use, G-Ceram ZF Zirconia-Ceramic powder is a reliable ceramic powder for veneering.",Labside > Porcelain Powder,G-Ceram,"porcelain,powder,zirconia-ceramic,dental",,,,100,,,G-Ceram ZF Base Dentine - B4 - 20g,"G-Ceram ZF Zirconia-Ceramic powder is a natural feldspathic porcelain powder, which is used to make zirconium oxide (ZrO2) and both lithium disilicate (LS2) sub",ptz020b4,simple,PTZ020B4,True,False
G-Ceram ZF Base Dentine - B4 - 50g,PTZ050B4,"G-Ceram ZF Zirconia-Ceramic powder is a natural feldspathic porcelain powder, which is used to make zirconium oxide (ZrO2) and both lithium disilicate (LS2) sub-structured porcelain crowns and bridges, porcelain veneer.
Thanks to its modelling ease of use, G-Ceram ZF Zirconia-Ceramic powder is a reliable ceramic powder for veneering.",Labside > Porcelain Powder,G-Ceram,"porcelain,powder,zirconia-ceramic,dental",,,,100,,,G-Ceram ZF Base Dentine - B4 - 50g,"G-Ceram ZF Zirconia-Ceramic powder is a natural feldspathic porcelain powder, which is used to make zirconium oxide (ZrO2) and both lithium disilicate (LS2) sub",ptz050b4,simple,PTZ050B4,True,False
G-Ceram ZF Base Dentine - C3 - 20g,PTZ020C3,"G-Ceram ZF Zirconia-Ceramic powder is a natural feldspathic porcelain powder, which is used to make zirconium oxide (ZrO2) and both lithium disilicate (LS2) sub-structured porcelain crowns and bridges, porcelain veneer.
Thanks to its modelling ease of use, G-Ceram ZF Zirconia-Ceramic powder is a reliable ceramic powder for veneering.",Labside > Porcelain Powder,G-Ceram,"porcelain,powder,zirconia-ceramic,dental",,,,100,,,G-Ceram ZF Base Dentine - C3 - 20g,"G-Ceram ZF Zirconia-Ceramic powder is a natural feldspathic porcelain powder, which is used to make zirconium oxide (ZrO2) and both lithium disilicate (LS2) sub",ptz020c3,simple,PTZ020C3,True,False
G-Ceram ZF Base Dentine - C3 - 50g,PTZ050C3,"G-Ceram ZF Zirconia-Ceramic powder is a natural feldspathic porcelain powder, which is used to make zirconium oxide (ZrO2) and both lithium disilicate (LS2) sub-structured porcelain crowns and bridges, porcelain veneer.
Thanks to its modelling ease of use, G-Ceram ZF Zirconia-Ceramic powder is a reliable ceramic powder for veneering.",Labside > Porcelain Powder,G-Ceram,"porcelain,powder,zirconia-ceramic,dental",,,,100,,,G-Ceram ZF Base Dentine - C3 - 50g,"G-Ceram ZF Zirconia-Ceramic powder is a natural feldspathic porcelain powder, which is used to make zirconium oxide (ZrO2) and both lithium disilicate (LS2) sub",ptz050c3,simple,PTZ050C3,True,False
G-Ceram ZF Base Dentine - D3 - 20g,PTZ020D3,"G-Ceram ZF Zirconia-Ceramic powder is a natural feldspathic porcelain powder, which is used to make zirconium oxide (ZrO2) and both lithium disilicate (LS2) sub-structured porcelain crowns and bridges, porcelain veneer.
Thanks to its modelling ease of use, G-Ceram ZF Zirconia-Ceramic powder is a reliable ceramic powder for veneering.",Labside > Porcelain Powder,G-Ceram,"porcelain,powder,zirconia-ceramic,dental",,,,100,,,G-Ceram ZF Base Dentine - D3 - 20g,"G-Ceram ZF Zirconia-Ceramic powder is a natural feldspathic porcelain powder, which is used to make zirconium oxide (ZrO2) and both lithium disilicate (LS2) sub",ptz020d3,simple,PTZ020D3,True,False
G-Ceram ZF Base Dentine - D3 - 50g,PTZ050D3,"G-Ceram ZF Zirconia-Ceramic powder is a natural feldspathic porcelain powder, which is used to make zirconium oxide (ZrO2) and both lithium disilicate (LS2) sub-structured porcelain crowns and bridges, porcelain veneer.
Thanks to its modelling ease of use, G-Ceram ZF Zirconia-Ceramic powder is a reliable ceramic powder for veneering.",Labside > Porcelain Powder,G-Ceram,"porcelain,powder,zirconia-ceramic,dental",,,,100,,,G-Ceram ZF Base Dentine - D3 - 50g,"G-Ceram ZF Zirconia-Ceramic powder is a natural feldspathic porcelain powder, which is used to make zirconium oxide (ZrO2) and both lithium disilicate (LS2) sub",ptz050d3,simple,PTZ050D3,True,False
G-Ceram ZF Dentine - A1 - 20g,PTZ020DA1,"G-Ceram ZF Zirconia-Ceramic powder is a natural feldspathic porcelain powder, which is used to make zirconium oxide (ZrO2) and both lithium disilicate (LS2) sub-structured porcelain crowns and bridges, porcelain veneer.
Thanks to its modelling ease of use, G-Ceram ZF Zirconia-Ceramic powder is a reliable ceramic powder for veneering.",Labside > Porcelain Powder,G-Ceram,"porcelain,powder,zirconia-ceramic,dental",,,,100,,,G-Ceram ZF Dentine - A1 - 20g,"G-Ceram ZF Zirconia-Ceramic powder is a natural feldspathic porcelain powder, which is used to make zirconium oxide (ZrO2) and both lithium disilicate (LS2) sub",ptz020da1,simple,PTZ020DA1,True,False
G-Ceram ZF Dentine - A1 - 50g,PTZ050DA1,"G-Ceram ZF Zirconia-Ceramic powder is a natural feldspathic porcelain powder, which is used to make zirconium oxide (ZrO2) and both lithium disilicate (LS2) sub-structured porcelain crowns and bridges, porcelain veneer.
Thanks to its modelling ease of use, G-Ceram ZF Zirconia-Ceramic powder is a reliable ceramic powder for veneering.",Labside > Porcelain Powder,G-Ceram,"porcelain,powder,zirconia-ceramic,dental",,,,100,,,G-Ceram ZF Dentine - A1 - 50g,"G-Ceram ZF Zirconia-Ceramic powder is a natural feldspathic porcelain powder, which is used to make zirconium oxide (ZrO2) and both lithium disilicate (LS2) sub",ptz050da1,simple,PTZ050DA1,True,False
G-Ceram ZF Dentine - A2 - 20g,PTZ020DA2,"G-Ceram ZF Zirconia-Ceramic powder is a natural feldspathic porcelain powder, which is used to make zirconium oxide (ZrO2) and both lithium disilicate (LS2) sub-structured porcelain crowns and bridges, porcelain veneer.
Thanks to its modelling ease of use, G-Ceram ZF Zirconia-Ceramic powder is a reliable ceramic powder for veneering.",Labside > Porcelain Powder,G-Ceram,"porcelain,powder,zirconia-ceramic,dental",,,,100,,,G-Ceram ZF Dentine - A2 - 20g,"G-Ceram ZF Zirconia-Ceramic powder is a natural feldspathic porcelain powder, which is used to make zirconium oxide (ZrO2) and both lithium disilicate (LS2) sub",ptz020da2,simple,PTZ020DA2,True,False
G-Ceram ZF Dentine - A2 - 50g,PTZ050DA2,"G-Ceram ZF Zirconia-Ceramic powder is a natural feldspathic porcelain powder, which is used to make zirconium oxide (ZrO2) and both lithium disilicate (LS2) sub-structured porcelain crowns and bridges, porcelain veneer.
Thanks to its modelling ease of use, G-Ceram ZF Zirconia-Ceramic powder is a reliable ceramic powder for veneering.",Labside > Porcelain Powder,G-Ceram,"porcelain,powder,zirconia-ceramic,dental",,,,100,,,G-Ceram ZF Dentine - A2 - 50g,"G-Ceram ZF Zirconia-Ceramic powder is a natural feldspathic porcelain powder, which is used to make zirconium oxide (ZrO2) and both lithium disilicate (LS2) sub",ptz050da2,simple,PTZ050DA2,True,False
G-Ceram ZF Dentine - A3 - 20g,PTZ020DA3,"G-Ceram ZF Zirconia-Ceramic powder is a natural feldspathic porcelain powder, which is used to make zirconium oxide (ZrO2) and both lithium disilicate (LS2) sub-structured porcelain crowns and bridges, porcelain veneer.
Thanks to its modelling ease of use, G-Ceram ZF Zirconia-Ceramic powder is a reliable ceramic powder for veneering.",Labside > Porcelain Powder,G-Ceram,"porcelain,powder,zirconia-ceramic,dental",,,,100,,,G-Ceram ZF Dentine - A3 - 20g,"G-Ceram ZF Zirconia-Ceramic powder is a natural feldspathic porcelain powder, which is used to make zirconium oxide (ZrO2) and both lithium disilicate (LS2) sub",ptz020da3,simple,PTZ020DA3,True,False
G-Ceram ZF Dentine - A3 - 50g,PTZ050DA3,"G-Ceram ZF Zirconia-Ceramic powder is a natural feldspathic porcelain powder, which is used to make zirconium oxide (ZrO2) and both lithium disilicate (LS2) sub-structured porcelain crowns and bridges, porcelain veneer.
Thanks to its modelling ease of use, G-Ceram ZF Zirconia-Ceramic powder is a reliable ceramic powder for veneering.",Labside > Porcelain Powder,G-Ceram,"porcelain,powder,zirconia-ceramic,dental",,,,100,,,G-Ceram ZF Dentine - A3 - 50g,"G-Ceram ZF Zirconia-Ceramic powder is a natural feldspathic porcelain powder, which is used to make zirconium oxide (ZrO2) and both lithium disilicate (LS2) sub",ptz050da3,simple,PTZ050DA3,True,False
G-Ceram ZF Dentine - A3.5 - 20g,PTZ020DA3.5,"G-Ceram ZF Zirconia-Ceramic powder is a natural feldspathic porcelain powder, which is used to make zirconium oxide (ZrO2) and both lithium disilicate (LS2) sub-structured porcelain crowns and bridges, porcelain veneer.
Thanks to its modelling ease of use, G-Ceram ZF Zirconia-Ceramic powder is a reliable ceramic powder for veneering.",Labside > Porcelain Powder,G-Ceram,"porcelain,powder,zirconia-ceramic,dental",,,,100,,,G-Ceram ZF Dentine - A3.5 - 20g,"G-Ceram ZF Zirconia-Ceramic powder is a natural feldspathic porcelain powder, which is used to make zirconium oxide (ZrO2) and both lithium disilicate (LS2) sub",ptz020da3.5,simple,PTZ020DA3.5,True,False
G-Ceram ZF Dentine - A3.5 - 50g,PTZ050DA3.5,"G-Ceram ZF Zirconia-Ceramic powder is a natural feldspathic porcelain powder, which is used to make zirconium oxide (ZrO2) and both lithium disilicate (LS2) sub-structured porcelain crowns and bridges, porcelain veneer.
Thanks to its modelling ease of use, G-Ceram ZF Zirconia-Ceramic powder is a reliable ceramic powder for veneering.",Labside > Porcelain Powder,G-Ceram,"porcelain,powder,zirconia-ceramic,dental",,,,100,,,G-Ceram ZF Dentine - A3.5 - 50g,"G-Ceram ZF Zirconia-Ceramic powder is a natural feldspathic porcelain powder, which is used to make zirconium oxide (ZrO2) and both lithium disilicate (LS2) sub",ptz050da3.5,simple,PTZ050DA3.5,True,False
G-Ceram ZF Dentine - A4 - 20g,PTZ020DA4,"G-Ceram ZF Zirconia-Ceramic powder is a natural feldspathic porcelain powder, which is used to make zirconium oxide (ZrO2) and both lithium disilicate (LS2) sub-structured porcelain crowns and bridges, porcelain veneer.
Thanks to its modelling ease of use, G-Ceram ZF Zirconia-Ceramic powder is a reliable ceramic powder for veneering.",Labside > Porcelain Powder,G-Ceram,"porcelain,powder,zirconia-ceramic,dental",,,,100,,,G-Ceram ZF Dentine - A4 - 20g,"G-Ceram ZF Zirconia-Ceramic powder is a natural feldspathic porcelain powder, which is used to make zirconium oxide (ZrO2) and both lithium disilicate (LS2) sub",ptz020da4,simple,PTZ020DA4,True,False
G-Ceram ZF Dentine - A4 - 50g,PTZ050DA4,"G-Ceram ZF Zirconia-Ceramic powder is a natural feldspathic porcelain powder, which is used to make zirconium oxide (ZrO2) and both lithium disilicate (LS2) sub-structured porcelain crowns and bridges, porcelain veneer.
Thanks to its modelling ease of use, G-Ceram ZF Zirconia-Ceramic powder is a reliable ceramic powder for veneering.",Labside > Porcelain Powder,G-Ceram,"porcelain,powder,zirconia-ceramic,dental",,,,100,,,G-Ceram ZF Dentine - A4 - 50g,"G-Ceram ZF Zirconia-Ceramic powder is a natural feldspathic porcelain powder, which is used to make zirconium oxide (ZrO2) and both lithium disilicate (LS2) sub",ptz050da4,simple,PTZ050DA4,True,False
G-Ceram ZF Dentine - B1 - 20g,PTZ020DB1,"G-Ceram ZF Zirconia-Ceramic powder is a natural feldspathic porcelain powder, which is used to make zirconium oxide (ZrO2) and both lithium disilicate (LS2) sub-structured porcelain crowns and bridges, porcelain veneer.
Thanks to its modelling ease of use, G-Ceram ZF Zirconia-Ceramic powder is a reliable ceramic powder for veneering.",Labside > Porcelain Powder,G-Ceram,"porcelain,powder,zirconia-ceramic,dental",,,,100,,,G-Ceram ZF Dentine - B1 - 20g,"G-Ceram ZF Zirconia-Ceramic powder is a natural feldspathic porcelain powder, which is used to make zirconium oxide (ZrO2) and both lithium disilicate (LS2) sub",ptz020db1,simple,PTZ020DB1,True,False
G-Ceram ZF Dentine - B1 - 50g,PTZ050DB1,"G-Ceram ZF Zirconia-Ceramic powder is a natural feldspathic porcelain powder, which is used to make zirconium oxide (ZrO2) and both lithium disilicate (LS2) sub-structured porcelain crowns and bridges, porcelain veneer.
Thanks to its modelling ease of use, G-Ceram ZF Zirconia-Ceramic powder is a reliable ceramic powder for veneering.",Labside > Porcelain Powder,G-Ceram,"porcelain,powder,zirconia-ceramic,dental",,,,100,,,G-Ceram ZF Dentine - B1 - 50g,"G-Ceram ZF Zirconia-Ceramic powder is a natural feldspathic porcelain powder, which is used to make zirconium oxide (ZrO2) and both lithium disilicate (LS2) sub",ptz050db1,simple,PTZ050DB1,True,False
G-Ceram ZF Dentine - B2 - 20g,PTZ020DB2,"G-Ceram ZF Zirconia-Ceramic powder is a natural feldspathic porcelain powder, which is used to make zirconium oxide (ZrO2) and both lithium disilicate (LS2) sub-structured porcelain crowns and bridges, porcelain veneer.
Thanks to its modelling ease of use, G-Ceram ZF Zirconia-Ceramic powder is a reliable ceramic powder for veneering.",Labside > Porcelain Powder,G-Ceram,"porcelain,powder,zirconia-ceramic,dental",,,,100,,,G-Ceram ZF Dentine - B2 - 20g,"G-Ceram ZF Zirconia-Ceramic powder is a natural feldspathic porcelain powder, which is used to make zirconium oxide (ZrO2) and both lithium disilicate (LS2) sub",ptz020db2,simple,PTZ020DB2,True,False
G-Ceram ZF Dentine - B2 - 50g,PTZ050DB2,"G-Ceram ZF Zirconia-Ceramic powder is a natural feldspathic porcelain powder, which is used to make zirconium oxide (ZrO2) and both lithium disilicate (LS2) sub-structured porcelain crowns and bridges, porcelain veneer.
Thanks to its modelling ease of use, G-Ceram ZF Zirconia-Ceramic powder is a reliable ceramic powder for veneering.",Labside > Porcelain Powder,G-Ceram,"porcelain,powder,zirconia-ceramic,dental",,,,100,,,G-Ceram ZF Dentine - B2 - 50g,"G-Ceram ZF Zirconia-Ceramic powder is a natural feldspathic porcelain powder, which is used to make zirconium oxide (ZrO2) and both lithium disilicate (LS2) sub",ptz050db2,simple,PTZ050DB2,True,False
G-Ceram ZF Dentine - B3 - 20g,PTZ020DB3,"G-Ceram ZF Zirconia-Ceramic powder is a natural feldspathic porcelain powder, which is used to make zirconium oxide (ZrO2) and both lithium disilicate (LS2) sub-structured porcelain crowns and bridges, porcelain veneer.
Thanks to its modelling ease of use, G-Ceram ZF Zirconia-Ceramic powder is a reliable ceramic powder for veneering.",Labside > Porcelain Powder,G-Ceram,"porcelain,powder,zirconia-ceramic,dental",,,,100,,,G-Ceram ZF Dentine - B3 - 20g,"G-Ceram ZF Zirconia-Ceramic powder is a natural feldspathic porcelain powder, which is used to make zirconium oxide (ZrO2) and both lithium disilicate (LS2) sub",ptz020db3,simple,PTZ020DB3,True,False
G-Ceram ZF Dentine - B3 - 50g,PTZ050DB3,"G-Ceram ZF Zirconia-Ceramic powder is a natural feldspathic porcelain powder, which is used to make zirconium oxide (ZrO2) and both lithium disilicate (LS2) sub-structured porcelain crowns and bridges, porcelain veneer.
Thanks to its modelling ease of use, G-Ceram ZF Zirconia-Ceramic powder is a reliable ceramic powder for veneering.",Labside > Porcelain Powder,G-Ceram,"porcelain,powder,zirconia-ceramic,dental",,,,100,,,G-Ceram ZF Dentine - B3 - 50g,"G-Ceram ZF Zirconia-Ceramic powder is a natural feldspathic porcelain powder, which is used to make zirconium oxide (ZrO2) and both lithium disilicate (LS2) sub",ptz050db3,simple,PTZ050DB3,True,False
G-Ceram ZF Dentine - B4 - 20g,PTZ020DB4,"G-Ceram ZF Zirconia-Ceramic powder is a natural feldspathic porcelain powder, which is used to make zirconium oxide (ZrO2) and both lithium disilicate (LS2) sub-structured porcelain crowns and bridges, porcelain veneer.
Thanks to its modelling ease of use, G-Ceram ZF Zirconia-Ceramic powder is a reliable ceramic powder for veneering.",Labside > Porcelain Powder,G-Ceram,"porcelain,powder,zirconia-ceramic,dental",,,,100,,,G-Ceram ZF Dentine - B4 - 20g,"G-Ceram ZF Zirconia-Ceramic powder is a natural feldspathic porcelain powder, which is used to make zirconium oxide (ZrO2) and both lithium disilicate (LS2) sub",ptz020db4,simple,PTZ020DB4,True,False
G-Ceram ZF Dentine - B4 - 50g,PTZ050DB4,"G-Ceram ZF Zirconia-Ceramic powder is a natural feldspathic porcelain powder, which is used to make zirconium oxide (ZrO2) and both lithium disilicate (LS2) sub-structured porcelain crowns and bridges, porcelain veneer.
Thanks to its modelling ease of use, G-Ceram ZF Zirconia-Ceramic powder is a reliable ceramic powder for veneering.",Labside > Porcelain Powder,G-Ceram,"porcelain,powder,zirconia-ceramic,dental",,,,100,,,G-Ceram ZF Dentine - B4 - 50g,"G-Ceram ZF Zirconia-Ceramic powder is a natural feldspathic porcelain powder, which is used to make zirconium oxide (ZrO2) and both lithium disilicate (LS2) sub",ptz050db4,simple,PTZ050DB4,True,False
G-Ceram ZF Dentine - C1 - 20g,PTZ020DC1,"G-Ceram ZF Zirconia-Ceramic powder is a natural feldspathic porcelain powder, which is used to make zirconium oxide (ZrO2) and both lithium disilicate (LS2) sub-structured porcelain crowns and bridges, porcelain veneer.
Thanks to its modelling ease of use, G-Ceram ZF Zirconia-Ceramic powder is a reliable ceramic powder for veneering.",Labside > Porcelain Powder,G-Ceram,"porcelain,powder,zirconia-ceramic,dental",,,,100,,,G-Ceram ZF Dentine - C1 - 20g,"G-Ceram ZF Zirconia-Ceramic powder is a natural feldspathic porcelain powder, which is used to make zirconium oxide (ZrO2) and both lithium disilicate (LS2) sub",ptz020dc1,simple,PTZ020DC1,True,False
G-Ceram ZF Dentine - C1 - 50g,PTZ050DC1,"G-Ceram ZF Zirconia-Ceramic powder is a natural feldspathic porcelain powder, which is used to make zirconium oxide (ZrO2) and both lithium disilicate (LS2) sub-structured porcelain crowns and bridges, porcelain veneer.
Thanks to its modelling ease of use, G-Ceram ZF Zirconia-Ceramic powder is a reliable ceramic powder for veneering.",Labside > Porcelain Powder,G-Ceram,"porcelain,powder,zirconia-ceramic,dental",,,,100,,,G-Ceram ZF Dentine - C1 - 50g,"G-Ceram ZF Zirconia-Ceramic powder is a natural feldspathic porcelain powder, which is used to make zirconium oxide (ZrO2) and both lithium disilicate (LS2) sub",ptz050dc1,simple,PTZ050DC1,True,False
G-Ceram ZF Dentine - C2 - 20g,PTZ020DC2,"G-Ceram ZF Zirconia-Ceramic powder is a natural feldspathic porcelain powder, which is used to make zirconium oxide (ZrO2) and both lithium disilicate (LS2) sub-structured porcelain crowns and bridges, porcelain veneer.
Thanks to its modelling ease of use, G-Ceram ZF Zirconia-Ceramic powder is a reliable ceramic powder for veneering.",Labside > Porcelain Powder,G-Ceram,"porcelain,powder,zirconia-ceramic,dental",,,,100,,,G-Ceram ZF Dentine - C2 - 20g,"G-Ceram ZF Zirconia-Ceramic powder is a natural feldspathic porcelain powder, which is used to make zirconium oxide (ZrO2) and both lithium disilicate (LS2) sub",ptz020dc2,simple,PTZ020DC2,True,False
G-Ceram ZF Dentine - C2 - 50g,PTZ050DC2,"G-Ceram ZF Zirconia-Ceramic powder is a natural feldspathic porcelain powder, which is used to make zirconium oxide (ZrO2) and both lithium disilicate (LS2) sub-structured porcelain crowns and bridges, porcelain veneer.
Thanks to its modelling ease of use, G-Ceram ZF Zirconia-Ceramic powder is a reliable ceramic powder for veneering.",Labside > Porcelain Powder,G-Ceram,"porcelain,powder,zirconia-ceramic,dental",,,,100,,,G-Ceram ZF Dentine - C2 - 50g,"G-Ceram ZF Zirconia-Ceramic powder is a natural feldspathic porcelain powder, which is used to make zirconium oxide (ZrO2) and both lithium disilicate (LS2) sub",ptz050dc2,simple,PTZ050DC2,True,False
G-Ceram ZF Dentine - C3 - 20g,PTZ020DC3,"G-Ceram ZF Zirconia-Ceramic powder is a natural feldspathic porcelain powder, which is used to make zirconium oxide (ZrO2) and both lithium disilicate (LS2) sub-structured porcelain crowns and bridges, porcelain veneer.
Thanks to its modelling ease of use, G-Ceram ZF Zirconia-Ceramic powder is a reliable ceramic powder for veneering.",Labside > Porcelain Powder,G-Ceram,"porcelain,powder,zirconia-ceramic,dental",,,,100,,,G-Ceram ZF Dentine - C3 - 20g,"G-Ceram ZF Zirconia-Ceramic powder is a natural feldspathic porcelain powder, which is used to make zirconium oxide (ZrO2) and both lithium disilicate (LS2) sub",ptz020dc3,simple,PTZ020DC3,True,False
G-Ceram ZF Dentine - C3 - 50g,PTZ050DC3,"G-Ceram ZF Zirconia-Ceramic powder is a natural feldspathic porcelain powder, which is used to make zirconium oxide (ZrO2) and both lithium disilicate (LS2) sub-structured porcelain crowns and bridges, porcelain veneer.
Thanks to its modelling ease of use, G-Ceram ZF Zirconia-Ceramic powder is a reliable ceramic powder for veneering.",Labside > Porcelain Powder,G-Ceram,"porcelain,powder,zirconia-ceramic,dental",,,,100,,,G-Ceram ZF Dentine - C3 - 50g,"G-Ceram ZF Zirconia-Ceramic powder is a natural feldspathic porcelain powder, which is used to make zirconium oxide (ZrO2) and both lithium disilicate (LS2) sub",ptz050dc3,simple,PTZ050DC3,True,False
G-Ceram ZF Dentine - C4 - 20g,PTZ020DC4,"G-Ceram ZF Zirconia-Ceramic powder is a natural feldspathic porcelain powder, which is used to make zirconium oxide (ZrO2) and both lithium disilicate (LS2) sub-structured porcelain crowns and bridges, porcelain veneer.
Thanks to its modelling ease of use, G-Ceram ZF Zirconia-Ceramic powder is a reliable ceramic powder for veneering.",Labside > Porcelain Powder,G-Ceram,"porcelain,powder,zirconia-ceramic,dental",,,,100,,,G-Ceram ZF Dentine - C4 - 20g,"G-Ceram ZF Zirconia-Ceramic powder is a natural feldspathic porcelain powder, which is used to make zirconium oxide (ZrO2) and both lithium disilicate (LS2) sub",ptz020dc4,simple,PTZ020DC4,True,False
G-Ceram ZF Dentine - C4 - 50g,PTZ050DC4,"G-Ceram ZF Zirconia-Ceramic powder is a natural feldspathic porcelain powder, which is used to make zirconium oxide (ZrO2) and both lithium disilicate (LS2) sub-structured porcelain crowns and bridges, porcelain veneer.
Thanks to its modelling ease of use, G-Ceram ZF Zirconia-Ceramic powder is a reliable ceramic powder for veneering.",Labside > Porcelain Powder,G-Ceram,"porcelain,powder,zirconia-ceramic,dental",,,,100,,,G-Ceram ZF Dentine - C4 - 50g,"G-Ceram ZF Zirconia-Ceramic powder is a natural feldspathic porcelain powder, which is used to make zirconium oxide (ZrO2) and both lithium disilicate (LS2) sub",ptz050dc4,simple,PTZ050DC4,True,False
G-Ceram ZF Dentine - D2 - 20g,PTZ020DD2,"G-Ceram ZF Zirconia-Ceramic powder is a natural feldspathic porcelain powder, which is used to make zirconium oxide (ZrO2) and both lithium disilicate (LS2) sub-structured porcelain crowns and bridges, porcelain veneer.
Thanks to its modelling ease of use, G-Ceram ZF Zirconia-Ceramic powder is a reliable ceramic powder for veneering.",Labside > Porcelain Powder,G-Ceram,"porcelain,powder,zirconia-ceramic,dental",,,,100,,,G-Ceram ZF Dentine - D2 - 20g,"G-Ceram ZF Zirconia-Ceramic powder is a natural feldspathic porcelain powder, which is used to make zirconium oxide (ZrO2) and both lithium disilicate (LS2) sub",ptz020dd2,simple,PTZ020DD2,True,False
G-Ceram ZF Dentine - D2 - 50g,PTZ050DD2,"G-Ceram ZF Zirconia-Ceramic powder is a natural feldspathic porcelain powder, which is used to make zirconium oxide (ZrO2) and both lithium disilicate (LS2) sub-structured porcelain crowns and bridges, porcelain veneer.
Thanks to its modelling ease of use, G-Ceram ZF Zirconia-Ceramic powder is a reliable ceramic powder for veneering.",Labside > Porcelain Powder,G-Ceram,"porcelain,powder,zirconia-ceramic,dental",,,,100,,,G-Ceram ZF Dentine - D2 - 50g,"G-Ceram ZF Zirconia-Ceramic powder is a natural feldspathic porcelain powder, which is used to make zirconium oxide (ZrO2) and both lithium disilicate (LS2) sub",ptz050dd2,simple,PTZ050DD2,True,False
G-Ceram ZF Dentine - D3 - 20g,PTZ020DD3,"G-Ceram ZF Zirconia-Ceramic powder is a natural feldspathic porcelain powder, which is used to make zirconium oxide (ZrO2) and both lithium disilicate (LS2) sub-structured porcelain crowns and bridges, porcelain veneer.
Thanks to its modelling ease of use, G-Ceram ZF Zirconia-Ceramic powder is a reliable ceramic powder for veneering.",Labside > Porcelain Powder,G-Ceram,"porcelain,powder,zirconia-ceramic,dental",,,,100,,,G-Ceram ZF Dentine - D3 - 20g,"G-Ceram ZF Zirconia-Ceramic powder is a natural feldspathic porcelain powder, which is used to make zirconium oxide (ZrO2) and both lithium disilicate (LS2) sub",ptz020dd3,simple,PTZ020DD3,True,False
G-Ceram ZF Dentine - D3 - 50g,PTZ050DD3,"G-Ceram ZF Zirconia-Ceramic powder is a natural feldspathic porcelain powder, which is used to make zirconium oxide (ZrO2) and both lithium disilicate (LS2) sub-structured porcelain crowns and bridges, porcelain veneer.
Thanks to its modelling ease of use, G-Ceram ZF Zirconia-Ceramic powder is a reliable ceramic powder for veneering.",Labside > Porcelain Powder,G-Ceram,"porcelain,powder,zirconia-ceramic,dental",,,,100,,,G-Ceram ZF Dentine - D3 - 50g,"G-Ceram ZF Zirconia-Ceramic powder is a natural feldspathic porcelain powder, which is used to make zirconium oxide (ZrO2) and both lithium disilicate (LS2) sub",ptz050dd3,simple,PTZ050DD3,True,False
G-Ceram ZF Dentine - D4 - 20g,PTZ020DD4,"G-Ceram ZF Zirconia-Ceramic powder is a natural feldspathic porcelain powder, which is used to make zirconium oxide (ZrO2) and both lithium disilicate (LS2) sub-structured porcelain crowns and bridges, porcelain veneer.
Thanks to its modelling ease of use, G-Ceram ZF Zirconia-Ceramic powder is a reliable ceramic powder for veneering.",Labside > Porcelain Powder,G-Ceram,"porcelain,powder,zirconia-ceramic,dental",,,,100,,,G-Ceram ZF Dentine - D4 - 20g,"G-Ceram ZF Zirconia-Ceramic powder is a natural feldspathic porcelain powder, which is used to make zirconium oxide (ZrO2) and both lithium disilicate (LS2) sub",ptz020dd4,simple,PTZ020DD4,True,False
G-Ceram ZF Dentine - D4 - 50g,PTZ050DD4,"G-Ceram ZF Zirconia-Ceramic powder is a natural feldspathic porcelain powder, which is used to make zirconium oxide (ZrO2) and both lithium disilicate (LS2) sub-structured porcelain crowns and bridges, porcelain veneer.
Thanks to its modelling ease of use, G-Ceram ZF Zirconia-Ceramic powder is a reliable ceramic powder for veneering.",Labside > Porcelain Powder,G-Ceram,"porcelain,powder,zirconia-ceramic,dental",,,,100,,,G-Ceram ZF Dentine - D4 - 50g,"G-Ceram ZF Zirconia-Ceramic powder is a natural feldspathic porcelain powder, which is used to make zirconium oxide (ZrO2) and both lithium disilicate (LS2) sub",ptz050dd4,simple,PTZ050DD4,True,False
G-Ceram ZF Incisal - I1 - 20g,PTZ1S0I1,"G-Ceram ZF Zirconia-Ceramic powder is a natural feldspathic porcelain powder, which is used to make zirconium oxide (ZrO2) and both lithium disilicate (LS2) sub-structured porcelain crowns and bridges, porcelain veneer.
Thanks to its modelling ease of use, G-Ceram ZF Zirconia-Ceramic powder is a reliable ceramic powder for veneering.",Labside > Porcelain Powder,G-Ceram,"porcelain,powder,zirconia-ceramic,dental",,,,100,,,G-Ceram ZF Incisal - I1 - 20g,"G-Ceram ZF Zirconia-Ceramic powder is a natural feldspathic porcelain powder, which is used to make zirconium oxide (ZrO2) and both lithium disilicate (LS2) sub",ptz1s0i1,simple,PTZ1S0I1,True,False
G-Ceram ZF Incisal - I1 - 50g,PTZ1S0I1-2,"G-Ceram ZF Zirconia-Ceramic powder is a natural feldspathic porcelain powder, which is used to make zirconium oxide (ZrO2) and both lithium disilicate (LS2) sub-structured porcelain crowns and bridges, porcelain veneer.
Thanks to its modelling ease of use, G-Ceram ZF Zirconia-Ceramic powder is a reliable ceramic powder for veneering.",Labside > Porcelain Powder,G-Ceram,"porcelain,powder,zirconia-ceramic,dental",,,,100,,,G-Ceram ZF Incisal - I1 - 50g,"G-Ceram ZF Zirconia-Ceramic powder is a natural feldspathic porcelain powder, which is used to make zirconium oxide (ZrO2) and both lithium disilicate (LS2) sub",ptz1s0i1,simple,PTZ1S0I1,True,False
G-Ceram ZF Incisal - I2 - 20g,PTZ1S0I2,"G-Ceram ZF Zirconia-Ceramic powder is a natural feldspathic porcelain powder, which is used to make zirconium oxide (ZrO2) and both lithium disilicate (LS2) sub-structured porcelain crowns and bridges, porcelain veneer.
Thanks to its modelling ease of use, G-Ceram ZF Zirconia-Ceramic powder is a reliable ceramic powder for veneering.",Labside > Porcelain Powder,G-Ceram,"porcelain,powder,zirconia-ceramic,dental",,,,100,,,G-Ceram ZF Incisal - I2 - 20g,"G-Ceram ZF Zirconia-Ceramic powder is a natural feldspathic porcelain powder, which is used to make zirconium oxide (ZrO2) and both lithium disilicate (LS2) sub",ptz1s0i2,simple,PTZ1S0I2,True,False
G-Ceram ZF Incisal - I2 - 50g,PTZ1S0I2-2,"G-Ceram ZF Zirconia-Ceramic powder is a natural feldspathic porcelain powder, which is used to make zirconium oxide (ZrO2) and both lithium disilicate (LS2) sub-structured porcelain crowns and bridges, porcelain veneer.
Thanks to its modelling ease of use, G-Ceram ZF Zirconia-Ceramic powder is a reliable ceramic powder for veneering.",Labside > Porcelain Powder,G-Ceram,"porcelain,powder,zirconia-ceramic,dental",,,,100,,,G-Ceram ZF Incisal - I2 - 50g,"G-Ceram ZF Zirconia-Ceramic powder is a natural feldspathic porcelain powder, which is used to make zirconium oxide (ZrO2) and both lithium disilicate (LS2) sub",ptz1s0i2,simple,PTZ1S0I2,True,False
G-Ceram ZF Incisal - I3 - 20g,PTZ1S0I3,"G-Ceram ZF Zirconia-Ceramic powder is a natural feldspathic porcelain powder, which is used to make zirconium oxide (ZrO2) and both lithium disilicate (LS2) sub-structured porcelain crowns and bridges, porcelain veneer.
Thanks to its modelling ease of use, G-Ceram ZF Zirconia-Ceramic powder is a reliable ceramic powder for veneering.",Labside > Porcelain Powder,G-Ceram,"porcelain,powder,zirconia-ceramic,dental",,,,100,,,G-Ceram ZF Incisal - I3 - 20g,"G-Ceram ZF Zirconia-Ceramic powder is a natural feldspathic porcelain powder, which is used to make zirconium oxide (ZrO2) and both lithium disilicate (LS2) sub",ptz1s0i3,simple,PTZ1S0I3,True,False
G-Ceram ZF Incisal - I3 - 50g,PTZ1S0I3-2,"G-Ceram ZF Zirconia-Ceramic powder is a natural feldspathic porcelain powder, which is used to make zirconium oxide (ZrO2) and both lithium disilicate (LS2) sub-structured porcelain crowns and bridges, porcelain veneer.
Thanks to its modelling ease of use, G-Ceram ZF Zirconia-Ceramic powder is a reliable ceramic powder for veneering.",Labside > Porcelain Powder,G-Ceram,"porcelain,powder,zirconia-ceramic,dental",,,,100,,,G-Ceram ZF Incisal - I3 - 50g,"G-Ceram ZF Zirconia-Ceramic powder is a natural feldspathic porcelain powder, which is used to make zirconium oxide (ZrO2) and both lithium disilicate (LS2) sub",ptz1s0i3,simple,PTZ1S0I3,True,False
G-Ceram ZF Incisal - I4 - 20g,PTZ1S0I4,"G-Ceram ZF Zirconia-Ceramic powder is a natural feldspathic porcelain powder, which is used to make zirconium oxide (ZrO2) and both lithium disilicate (LS2) sub-structured porcelain crowns and bridges, porcelain veneer.
Thanks to its modelling ease of use, G-Ceram ZF Zirconia-Ceramic powder is a reliable ceramic powder for veneering.",Labside > Porcelain Powder,G-Ceram,"porcelain,powder,zirconia-ceramic,dental",,,,100,,,G-Ceram ZF Incisal - I4 - 20g,"G-Ceram ZF Zirconia-Ceramic powder is a natural feldspathic porcelain powder, which is used to make zirconium oxide (ZrO2) and both lithium disilicate (LS2) sub",ptz1s0i4,simple,PTZ1S0I4,True,False
G-Ceram ZF Incisal - I4 - 50g,PTZ1S0I4-2,"G-Ceram ZF Zirconia-Ceramic powder is a natural feldspathic porcelain powder, which is used to make zirconium oxide (ZrO2) and both lithium disilicate (LS2) sub-structured porcelain crowns and bridges, porcelain veneer.
Thanks to its modelling ease of use, G-Ceram ZF Zirconia-Ceramic powder is a reliable ceramic powder for veneering.",Labside > Porcelain Powder,G-Ceram,"porcelain,powder,zirconia-ceramic,dental",,,,100,,,G-Ceram ZF Incisal - I4 - 50g,"G-Ceram ZF Zirconia-Ceramic powder is a natural feldspathic porcelain powder, which is used to make zirconium oxide (ZrO2) and both lithium disilicate (LS2) sub",ptz1s0i4,simple,PTZ1S0I4,True,False
G-Ceram ZF Incisal - T - 20g,PTZ1S0T,"G-Ceram ZF Zirconia-Ceramic powder is a natural feldspathic porcelain powder, which is used to make zirconium oxide (ZrO2) and both lithium disilicate (LS2) sub-structured porcelain crowns and bridges, porcelain veneer.
Thanks to its modelling ease of use, G-Ceram ZF Zirconia-Ceramic powder is a reliable ceramic powder for veneering.",Labside > Porcelain Powder,G-Ceram,"porcelain,powder,zirconia-ceramic,dental",,,,100,,,G-Ceram ZF Incisal - T - 20g,"G-Ceram ZF Zirconia-Ceramic powder is a natural feldspathic porcelain powder, which is used to make zirconium oxide (ZrO2) and both lithium disilicate (LS2) sub",ptz1s0t,simple,PTZ1S0T,True,False
G-Ceram ZF Incisal - T - 50g,PTZ1S0T-2,"G-Ceram ZF Zirconia-Ceramic powder is a natural feldspathic porcelain powder, which is used to make zirconium oxide (ZrO2) and both lithium disilicate (LS2) sub-structured porcelain crowns and bridges, porcelain veneer.
Thanks to its modelling ease of use, G-Ceram ZF Zirconia-Ceramic powder is a reliable ceramic powder for veneering.",Labside > Porcelain Powder,G-Ceram,"porcelain,powder,zirconia-ceramic,dental",,,,100,,,G-Ceram ZF Incisal - T - 50g,"G-Ceram ZF Zirconia-Ceramic powder is a natural feldspathic porcelain powder, which is used to make zirconium oxide (ZrO2) and both lithium disilicate (LS2) sub",ptz1s0t,simple,PTZ1S0T,True,False
G-Ceram ZF Incisal - V - 20g,PTZ1S0V,"G-Ceram ZF Zirconia-Ceramic powder is a natural feldspathic porcelain powder, which is used to make zirconium oxide (ZrO2) and both lithium disilicate (LS2) sub-structured porcelain crowns and bridges, porcelain veneer.
Thanks to its modelling ease of use, G-Ceram ZF Zirconia-Ceramic powder is a reliable ceramic powder for veneering.",Labside > Porcelain Powder,G-Ceram,"porcelain,powder,zirconia-ceramic,dental",,,,100,,,G-Ceram ZF Incisal - V - 20g,"G-Ceram ZF Zirconia-Ceramic powder is a natural feldspathic porcelain powder, which is used to make zirconium oxide (ZrO2) and both lithium disilicate (LS2) sub",ptz1s0v,simple,PTZ1S0V,True,False
G-Ceram ZF Incisal - V - 50g,PTZ1S0V-2,"G-Ceram ZF Zirconia-Ceramic powder is a natural feldspathic porcelain powder, which is used to make zirconium oxide (ZrO2) and both lithium disilicate (LS2) sub-structured porcelain crowns and bridges, porcelain veneer.
Thanks to its modelling ease of use, G-Ceram ZF Zirconia-Ceramic powder is a reliable ceramic powder for veneering.",Labside > Porcelain Powder,G-Ceram,"porcelain,powder,zirconia-ceramic,dental",,,,100,,,G-Ceram ZF Incisal - V - 50g,"G-Ceram ZF Zirconia-Ceramic powder is a natural feldspathic porcelain powder, which is used to make zirconium oxide (ZrO2) and both lithium disilicate (LS2) sub",ptz1s0v,simple,PTZ1S0V,True,False
G-Ceram ZF Shoulder - Bleach - 20g,PTZS0BL,"G-Ceram ZF Zirconia-Ceramic powder is a natural feldspathic porcelain powder, which is used to make zirconium oxide (ZrO2) and both lithium disilicate (LS2) sub-structured porcelain crowns and bridges, porcelain veneer.
Thanks to its modelling ease of use, G-Ceram ZF Zirconia-Ceramic powder is a reliable ceramic powder for veneering.",Labside > Porcelain Powder,G-Ceram,"porcelain,powder,zirconia-ceramic,dental",,,,100,,,G-Ceram ZF Shoulder - Bleach - 20g,"G-Ceram ZF Zirconia-Ceramic powder is a natural feldspathic porcelain powder, which is used to make zirconium oxide (ZrO2) and both lithium disilicate (LS2) sub",ptzs0bl,simple,PTZS0BL,True,False
G-Ceram ZF Shoulder - Bleach - 50g,PTZS0BL-2,"G-Ceram ZF Zirconia-Ceramic powder is a natural feldspathic porcelain powder, which is used to make zirconium oxide (ZrO2) and both lithium disilicate (LS2) sub-structured porcelain crowns and bridges, porcelain veneer.
Thanks to its modelling ease of use, G-Ceram ZF Zirconia-Ceramic powder is a reliable ceramic powder for veneering.",Labside > Porcelain Powder,G-Ceram,"porcelain,powder,zirconia-ceramic,dental",,,,100,,,G-Ceram ZF Shoulder - Bleach - 50g,"G-Ceram ZF Zirconia-Ceramic powder is a natural feldspathic porcelain powder, which is used to make zirconium oxide (ZrO2) and both lithium disilicate (LS2) sub",ptzs0bl,simple,PTZS0BL,True,False
G-Ceram ZF Shoulder - Light - 20g,PTZS0LT,"G-Ceram ZF Zirconia-Ceramic powder is a natural feldspathic porcelain powder, which is used to make zirconium oxide (ZrO2) and both lithium disilicate (LS2) sub-structured porcelain crowns and bridges, porcelain veneer.
Thanks to its modelling ease of use, G-Ceram ZF Zirconia-Ceramic powder is a reliable ceramic powder for veneering.",Labside > Porcelain Powder,G-Ceram,"porcelain,powder,zirconia-ceramic,dental",,,,100,,,G-Ceram ZF Shoulder - Light - 20g,"G-Ceram ZF Zirconia-Ceramic powder is a natural feldspathic porcelain powder, which is used to make zirconium oxide (ZrO2) and both lithium disilicate (LS2) sub",ptzs0lt,simple,PTZS0LT,True,False
G-Ceram ZF Shoulder - Light - 50g,PTZS0LT-2,"G-Ceram ZF Zirconia-Ceramic powder is a natural feldspathic porcelain powder, which is used to make zirconium oxide (ZrO2) and both lithium disilicate (LS2) sub-structured porcelain crowns and bridges, porcelain veneer.
Thanks to its modelling ease of use, G-Ceram ZF Zirconia-Ceramic powder is a reliable ceramic powder for veneering.",Labside > Porcelain Powder,G-Ceram,"porcelain,powder,zirconia-ceramic,dental",,,,100,,,G-Ceram ZF Shoulder - Light - 50g,"G-Ceram ZF Zirconia-Ceramic powder is a natural feldspathic porcelain powder, which is used to make zirconium oxide (ZrO2) and both lithium disilicate (LS2) sub",ptzs0lt,simple,PTZS0LT,True,False
G-Ceram ZF Shoulder - Medium - 20g,PTZS0M,"G-Ceram ZF Zirconia-Ceramic powder is a natural feldspathic porcelain powder, which is used to make zirconium oxide (ZrO2) and both lithium disilicate (LS2) sub-structured porcelain crowns and bridges, porcelain veneer.
Thanks to its modelling ease of use, G-Ceram ZF Zirconia-Ceramic powder is a reliable ceramic powder for veneering.",Labside > Porcelain Powder,G-Ceram,"porcelain,powder,zirconia-ceramic,dental",,,,100,,,G-Ceram ZF Shoulder - Medium - 20g,"G-Ceram ZF Zirconia-Ceramic powder is a natural feldspathic porcelain powder, which is used to make zirconium oxide (ZrO2) and both lithium disilicate (LS2) sub",ptzs0m,simple,PTZS0M,True,False
G-Ceram ZF Shoulder - Medium - 50g,PTZS0M-2,"G-Ceram ZF Zirconia-Ceramic powder is a natural feldspathic porcelain powder, which is used to make zirconium oxide (ZrO2) and both lithium disilicate (LS2) sub-structured porcelain crowns and bridges, porcelain veneer.
Thanks to its modelling ease of use, G-Ceram ZF Zirconia-Ceramic powder is a reliable ceramic powder for veneering.",Labside > Porcelain Powder,G-Ceram,"porcelain,powder,zirconia-ceramic,dental",,,,100,,,G-Ceram ZF Shoulder - Medium - 50g,"G-Ceram ZF Zirconia-Ceramic powder is a natural feldspathic porcelain powder, which is used to make zirconium oxide (ZrO2) and both lithium disilicate (LS2) sub",ptzs0m,simple,PTZS0M,True,False
G-Ceram ZF Shoulder - Medium Dark - 20g,PTZS0MD,"G-Ceram ZF Zirconia-Ceramic powder is a natural feldspathic porcelain powder, which is used to make zirconium oxide (ZrO2) and both lithium disilicate (LS2) sub-structured porcelain crowns and bridges, porcelain veneer.
Thanks to its modelling ease of use, G-Ceram ZF Zirconia-Ceramic powder is a reliable ceramic powder for veneering.",Labside > Porcelain Powder,G-Ceram,"porcelain,powder,zirconia-ceramic,dental",,,,100,,,G-Ceram ZF Shoulder - Medium Dark - 20g,"G-Ceram ZF Zirconia-Ceramic powder is a natural feldspathic porcelain powder, which is used to make zirconium oxide (ZrO2) and both lithium disilicate (LS2) sub",ptzs0md,simple,PTZS0MD,True,False
G-Ceram ZF Shoulder - Medium Dark - 50g,PTZS0MD-2,"G-Ceram ZF Zirconia-Ceramic powder is a natural feldspathic porcelain powder, which is used to make zirconium oxide (ZrO2) and both lithium disilicate (LS2) sub-structured porcelain crowns and bridges, porcelain veneer.
Thanks to its modelling ease of use, G-Ceram ZF Zirconia-Ceramic powder is a reliable ceramic powder for veneering.",Labside > Porcelain Powder,G-Ceram,"porcelain,powder,zirconia-ceramic,dental",,,,100,,,G-Ceram ZF Shoulder - Medium Dark - 50g,"G-Ceram ZF Zirconia-Ceramic powder is a natural feldspathic porcelain powder, which is used to make zirconium oxide (ZrO2) and both lithium disilicate (LS2) sub",ptzs0md,simple,PTZS0MD,True,False
G-Ceram ZF Shoulder - Dark - 20g,PTZS0D,"G-Ceram ZF Zirconia-Ceramic powder is a natural feldspathic porcelain powder, which is used to make zirconium oxide (ZrO2) and both lithium disilicate (LS2) sub-structured porcelain crowns and bridges, porcelain veneer.
Thanks to its modelling ease of use, G-Ceram ZF Zirconia-Ceramic powder is a reliable ceramic powder for veneering.",Labside > Porcelain Powder,G-Ceram,"porcelain,powder,zirconia-ceramic,dental",,,,100,,,G-Ceram ZF Shoulder - Dark - 20g,"G-Ceram ZF Zirconia-Ceramic powder is a natural feldspathic porcelain powder, which is used to make zirconium oxide (ZrO2) and both lithium disilicate (LS2) sub",ptzs0d,simple,PTZS0D,True,False
G-Ceram ZF Shoulder - Dark - 50g,PTZS0D-2,"G-Ceram ZF Zirconia-Ceramic powder is a natural feldspathic porcelain powder, which is used to make zirconium oxide (ZrO2) and both lithium disilicate (LS2) sub-structured porcelain crowns and bridges, porcelain veneer.
Thanks to its modelling ease of use, G-Ceram ZF Zirconia-Ceramic powder is a reliable ceramic powder for veneering.",Labside > Porcelain Powder,G-Ceram,"porcelain,powder,zirconia-ceramic,dental",,,,100,,,G-Ceram ZF Shoulder - Dark - 50g,"G-Ceram ZF Zirconia-Ceramic powder is a natural feldspathic porcelain powder, which is used to make zirconium oxide (ZrO2) and both lithium disilicate (LS2) sub",ptzs0d,simple,PTZS0D,True,False
G-Plates LC Light Curing Baseplates,GLP50,"Light-curing Baseplates for making individual customised impression trays and functional trays. Can be used chairside to make accurate bases for bite registration and wax try-ins. Each box contains 50 plates. High dimensional stability with very low shrinkage Soft consistency, excellent malleability and adaptation to model. Long shelf life and storability.",Labside > Denture & Labs,G-Plates,"baseplate,light-curing,denture",,,,100,,,G-Plates LC Light Curing Baseplates,Light-curing Baseplates for making individual customised impression trays and functional trays. Can be used chairside to make accurate bases for bite registrati,glp50,simple,GLP50,True,False
G-Wax Dental Modelling Wax,G-WAX-DENTAL-MODELLI,G-Wax Dental Modelling Wax has high temperature stability and offers a more accurate try and less risk of distortion in the mouth.  Sheets of Modelling Wax are used by the technician to create the preliminary denture base that the dentist will try on in the patient's mouth.,Labside > Denture & Labs,G-Wax,"wax,modelling,denture",,,,100,,,G-Wax Dental Modelling Wax,G-Wax Dental Modelling Wax has high temperature stability and offers a more accurate try and less risk of distortion in the mouth.  Sheets of Modelling Wax are ,g-wax-dental-modelli,simple,G-WAX-DENTAL-MODELLI,True,False
G-Clean Tray Cleaner,G-CLEAN,"A fast and effective solution for impression trays, instruments, and accessories. G-Clean gently dissolves alginate and plaster residues without scratching or sanding. Simply soak for 15-30 minutes, rinse with running water, and your trays will be spotless and ready to use. Discover easy cleaning with G-Clean!",Labside > Denture & Labs,G-Clean,"cleaner,tray,alginate",,,,100,,,G-Clean Tray Cleaner,"A fast and effective solution for impression trays, instruments, and accessories. G-Clean gently dissolves alginate and plaster residues without scratching or s",g-clean,simple,G-CLEAN,True,False
G-Dent Liner,GDLNR,"G-Dent Liner is a light-curing, compomer liner composed of polyacid-modified composite resins and glass ionomer fillers. Its formulation allows for slight expansion, partially compensating for the polymerization shrinkage of composite materials. The glass ionomer content enhances adhesion to dentin, doubling its bonding strength.",Chairside > Restorative Materials,G-Dent,"liner,compomer,light-curing",,,,100,,,G-Dent Liner,"G-Dent Liner is a light-curing, compomer liner composed of polyacid-modified composite resins and glass ionomer fillers. Its formulation allows for slight expan",gdlnr,simple,GDLNR,True,False
G-Dent Temp Fill,GMPL3,"Self-Curing, Eugenol Free Temporary Filling Material Temp Fill is a self-curing, eugenol-free, bioinert temporary filling made from zinc oxide and synthetic resins.  It hardens upon contact with oral moisture and provides reliable sealing with easy application. Excellent retention and easy handling Medium hardness after setting, ensuring easy removal Ready to use, no mixing required",Chairside > Restorative Materials,G-Dent,"temporary-filling,zinc-oxide",,,,100,,,G-Dent Temp Fill,"Self-Curing, Eugenol Free Temporary Filling Material Temp Fill is a self-curing, eugenol-free, bioinert temporary filling made from zinc oxide and synthetic res",gmpl3,simple,GMPL3,True,False
G-Dent Nano Hybrid Composite 4g - A1,GD-NHC-A1,"G-Dent Nano Hybrid Composite is a light-curing, bioinert and radiopaque nano-hybrid composite available in Vita shades.  It offers high aesthetics, excellent polishability, color stability, superior strength and abration resistance, ensuring durable and natural-looking restorations. Indirect restorations such as inlays and onlays Core build-ups Non-sticky formulation for easy handling High resistance and durability Excellent biocompatibility High radiopacity Fast and easy polishing to a lasting, high-gloss finish Long-lasting aesthetic results with shade stability Compatible with all conventional bonding agents",Chairside > Restorative Materials,G-Dent,"composite,nano-hybrid,restorative,dental",,,,100,,,G-Dent Nano Hybrid Composite 4g - A1,"G-Dent Nano Hybrid Composite is a light-curing, bioinert and radiopaque nano-hybrid composite available in Vita shades.  It offers high aesthetics, excellent po",gd-nhc-a1,simple,GD-NHC-A1,True,False
G-Dent Nano Hybrid Composite 4g - A2,GD-NHC-A2,"G-Dent Nano Hybrid Composite is a light-curing, bioinert and radiopaque nano-hybrid composite available in Vita shades.  It offers high aesthetics, excellent polishability, color stability, superior strength and abration resistance, ensuring durable and natural-looking restorations. Indirect restorations such as inlays and onlays Core build-ups Non-sticky formulation for easy handling High resistance and durability Excellent biocompatibility High radiopacity Fast and easy polishing to a lasting, high-gloss finish Long-lasting aesthetic results with shade stability Compatible with all conventional bonding agents",Chairside > Restorative Materials,G-Dent,"composite,nano-hybrid,restorative,dental",,,,100,,,G-Dent Nano Hybrid Composite 4g - A2,"G-Dent Nano Hybrid Composite is a light-curing, bioinert and radiopaque nano-hybrid composite available in Vita shades.  It offers high aesthetics, excellent po",gd-nhc-a2,simple,GD-NHC-A2,True,False
G-Dent Nano Hybrid Composite 4g - A3,GD-NHC-A3,"G-Dent Nano Hybrid Composite is a light-curing, bioinert and radiopaque nano-hybrid composite available in Vita shades.  It offers high aesthetics, excellent polishability, color stability, superior strength and abration resistance, ensuring durable and natural-looking restorations. Indirect restorations such as inlays and onlays Core build-ups Non-sticky formulation for easy handling High resistance and durability Excellent biocompatibility High radiopacity Fast and easy polishing to a lasting, high-gloss finish Long-lasting aesthetic results with shade stability Compatible with all conventional bonding agents",Chairside > Restorative Materials,G-Dent,"composite,nano-hybrid,restorative,dental",,,,100,,,G-Dent Nano Hybrid Composite 4g - A3,"G-Dent Nano Hybrid Composite is a light-curing, bioinert and radiopaque nano-hybrid composite available in Vita shades.  It offers high aesthetics, excellent po",gd-nhc-a3,simple,GD-NHC-A3,True,False
G-Dent Nano Hybrid Composite 4g - A3.5,GD-NHC-A3.5,"G-Dent Nano Hybrid Composite is a light-curing, bioinert and radiopaque nano-hybrid composite available in Vita shades.  It offers high aesthetics, excellent polishability, color stability, superior strength and abration resistance, ensuring durable and natural-looking restorations. Indirect restorations such as inlays and onlays Core build-ups Non-sticky formulation for easy handling High resistance and durability Excellent biocompatibility High radiopacity Fast and easy polishing to a lasting, high-gloss finish Long-lasting aesthetic results with shade stability Compatible with all conventional bonding agents",Chairside > Restorative Materials,G-Dent,"composite,nano-hybrid,restorative,dental",,,,100,,,G-Dent Nano Hybrid Composite 4g - A3.5,"G-Dent Nano Hybrid Composite is a light-curing, bioinert and radiopaque nano-hybrid composite available in Vita shades.  It offers high aesthetics, excellent po",gd-nhc-a3.5,simple,GD-NHC-A3.5,True,False
G-Dent Nano Hybrid Composite 4g - A4,GD-NHC-A4,"G-Dent Nano Hybrid Composite is a light-curing, bioinert and radiopaque nano-hybrid composite available in Vita shades.  It offers high aesthetics, excellent polishability, color stability, superior strength and abration resistance, ensuring durable and natural-looking restorations. Indirect restorations such as inlays and onlays Core build-ups Non-sticky formulation for easy handling High resistance and durability Excellent biocompatibility High radiopacity Fast and easy polishing to a lasting, high-gloss finish Long-lasting aesthetic results with shade stability Compatible with all conventional bonding agents",Chairside > Restorative Materials,G-Dent,"composite,nano-hybrid,restorative,dental",,,,100,,,G-Dent Nano Hybrid Composite 4g - A4,"G-Dent Nano Hybrid Composite is a light-curing, bioinert and radiopaque nano-hybrid composite available in Vita shades.  It offers high aesthetics, excellent po",gd-nhc-a4,simple,GD-NHC-A4,True,False
G-Dent Nano Hybrid Composite 4g - B1,GD-NHC-B1,"G-Dent Nano Hybrid Composite is a light-curing, bioinert and radiopaque nano-hybrid composite available in Vita shades.  It offers high aesthetics, excellent polishability, color stability, superior strength and abration resistance, ensuring durable and natural-looking restorations. Indirect restorations such as inlays and onlays Core build-ups Non-sticky formulation for easy handling High resistance and durability Excellent biocompatibility High radiopacity Fast and easy polishing to a lasting, high-gloss finish Long-lasting aesthetic results with shade stability Compatible with all conventional bonding agents",Chairside > Restorative Materials,G-Dent,"composite,nano-hybrid,restorative,dental",,,,100,,,G-Dent Nano Hybrid Composite 4g - B1,"G-Dent Nano Hybrid Composite is a light-curing, bioinert and radiopaque nano-hybrid composite available in Vita shades.  It offers high aesthetics, excellent po",gd-nhc-b1,simple,GD-NHC-B1,True,False
G-Dent Nano Hybrid Composite 4g - B2,GD-NHC-B2,"G-Dent Nano Hybrid Composite is a light-curing, bioinert and radiopaque nano-hybrid composite available in Vita shades.  It offers high aesthetics, excellent polishability, color stability, superior strength and abration resistance, ensuring durable and natural-looking restorations. Indirect restorations such as inlays and onlays Core build-ups Non-sticky formulation for easy handling High resistance and durability Excellent biocompatibility High radiopacity Fast and easy polishing to a lasting, high-gloss finish Long-lasting aesthetic results with shade stability Compatible with all conventional bonding agents",Chairside > Restorative Materials,G-Dent,"composite,nano-hybrid,restorative,dental",,,,100,,,G-Dent Nano Hybrid Composite 4g - B2,"G-Dent Nano Hybrid Composite is a light-curing, bioinert and radiopaque nano-hybrid composite available in Vita shades.  It offers high aesthetics, excellent po",gd-nhc-b2,simple,GD-NHC-B2,True,False
G-Dent Nano Hybrid Composite 4g - B3,GD-NHC-B3,"G-Dent Nano Hybrid Composite is a light-curing, bioinert and radiopaque nano-hybrid composite available in Vita shades.  It offers high aesthetics, excellent polishability, color stability, superior strength and abration resistance, ensuring durable and natural-looking restorations. Indirect restorations such as inlays and onlays Core build-ups Non-sticky formulation for easy handling High resistance and durability Excellent biocompatibility High radiopacity Fast and easy polishing to a lasting, high-gloss finish Long-lasting aesthetic results with shade stability Compatible with all conventional bonding agents",Chairside > Restorative Materials,G-Dent,"composite,nano-hybrid,restorative,dental",,,,100,,,G-Dent Nano Hybrid Composite 4g - B3,"G-Dent Nano Hybrid Composite is a light-curing, bioinert and radiopaque nano-hybrid composite available in Vita shades.  It offers high aesthetics, excellent po",gd-nhc-b3,simple,GD-NHC-B3,True,False
G-Dent Nano Hybrid Composite 4g - C1,GD-NHC-C1,"G-Dent Nano Hybrid Composite is a light-curing, bioinert and radiopaque nano-hybrid composite available in Vita shades.  It offers high aesthetics, excellent polishability, color stability, superior strength and abration resistance, ensuring durable and natural-looking restorations. Indirect restorations such as inlays and onlays Core build-ups Non-sticky formulation for easy handling High resistance and durability Excellent biocompatibility High radiopacity Fast and easy polishing to a lasting, high-gloss finish Long-lasting aesthetic results with shade stability Compatible with all conventional bonding agents",Chairside > Restorative Materials,G-Dent,"composite,nano-hybrid,restorative,dental",,,,100,,,G-Dent Nano Hybrid Composite 4g - C1,"G-Dent Nano Hybrid Composite is a light-curing, bioinert and radiopaque nano-hybrid composite available in Vita shades.  It offers high aesthetics, excellent po",gd-nhc-c1,simple,GD-NHC-C1,True,False
G-Dent Nano Hybrid Composite 4g - C2,GD-NHC-C2,"G-Dent Nano Hybrid Composite is a light-curing, bioinert and radiopaque nano-hybrid composite available in Vita shades.  It offers high aesthetics, excellent polishability, color stability, superior strength and abration resistance, ensuring durable and natural-looking restorations. Indirect restorations such as inlays and onlays Core build-ups Non-sticky formulation for easy handling High resistance and durability Excellent biocompatibility High radiopacity Fast and easy polishing to a lasting, high-gloss finish Long-lasting aesthetic results with shade stability Compatible with all conventional bonding agents",Chairside > Restorative Materials,G-Dent,"composite,nano-hybrid,restorative,dental",,,,100,,,G-Dent Nano Hybrid Composite 4g - C2,"G-Dent Nano Hybrid Composite is a light-curing, bioinert and radiopaque nano-hybrid composite available in Vita shades.  It offers high aesthetics, excellent po",gd-nhc-c2,simple,GD-NHC-C2,True,False
G-Dent Nano Hybrid Composite 4g - D2,GD-NHC-D2,"G-Dent Nano Hybrid Composite is a light-curing, bioinert and radiopaque nano-hybrid composite available in Vita shades.  It offers high aesthetics, excellent polishability, color stability, superior strength and abration resistance, ensuring durable and natural-looking restorations. Indirect restorations such as inlays and onlays Core build-ups Non-sticky formulation for easy handling High resistance and durability Excellent biocompatibility High radiopacity Fast and easy polishing to a lasting, high-gloss finish Long-lasting aesthetic results with shade stability Compatible with all conventional bonding agents",Chairside > Restorative Materials,G-Dent,"composite,nano-hybrid,restorative,dental",,,,100,,,G-Dent Nano Hybrid Composite 4g - D2,"G-Dent Nano Hybrid Composite is a light-curing, bioinert and radiopaque nano-hybrid composite available in Vita shades.  It offers high aesthetics, excellent po",gd-nhc-d2,simple,GD-NHC-D2,True,False
G-Dent Nano Hybrid Composite 4g - D3,GD-NHC-D3,"G-Dent Nano Hybrid Composite is a light-curing, bioinert and radiopaque nano-hybrid composite available in Vita shades.  It offers high aesthetics, excellent polishability, color stability, superior strength and abration resistance, ensuring durable and natural-looking restorations. Indirect restorations such as inlays and onlays Core build-ups Non-sticky formulation for easy handling High resistance and durability Excellent biocompatibility High radiopacity Fast and easy polishing to a lasting, high-gloss finish Long-lasting aesthetic results with shade stability Compatible with all conventional bonding agents",Chairside > Restorative Materials,G-Dent,"composite,nano-hybrid,restorative,dental",,,,100,,,G-Dent Nano Hybrid Composite 4g - D3,"G-Dent Nano Hybrid Composite is a light-curing, bioinert and radiopaque nano-hybrid composite available in Vita shades.  It offers high aesthetics, excellent po",gd-nhc-d3,simple,GD-NHC-D3,True,False
G-Dent Nano Hybrid ZR Composite 4g - A1,GD-NHZR-A1,"G-Dent Nano Hybrid ZR Composite is a light-curing, bioinert and radiopaque nano-hybrid composite enriched with zirconium and barium glass fillers. It offers high aesthetic, excellent polishability, color stability, superior strength and wear resistance.  Available in Vita Shades and it ensures seamless restorations with long-term durability. Indirect restorations such as inlays and onlays Core build-ups Highly resistant Excellent biocompatibility Fast and easy polishing High aesthetic and durable Long-lasting aesthetic results with shade stability Compatible with all conventional bonding agents",Chairside > Restorative Materials,G-Dent,"composite,nano-hybrid,restorative,dental",,,,100,,,G-Dent Nano Hybrid ZR Composite 4g - A1,"G-Dent Nano Hybrid ZR Composite is a light-curing, bioinert and radiopaque nano-hybrid composite enriched with zirconium and barium glass fillers. It offers hig",gd-nhzr-a1,simple,GD-NHZR-A1,True,False
G-Dent Nano Hybrid ZR Composite 4g - A2,GD-NHZR-A2,"G-Dent Nano Hybrid ZR Composite is a light-curing, bioinert and radiopaque nano-hybrid composite enriched with zirconium and barium glass fillers. It offers high aesthetic, excellent polishability, color stability, superior strength and wear resistance.  Available in Vita Shades and it ensures seamless restorations with long-term durability. Indirect restorations such as inlays and onlays Core build-ups Highly resistant Excellent biocompatibility Fast and easy polishing High aesthetic and durable Long-lasting aesthetic results with shade stability Compatible with all conventional bonding agents",Chairside > Restorative Materials,G-Dent,"composite,nano-hybrid,restorative,dental",,,,100,,,G-Dent Nano Hybrid ZR Composite 4g - A2,"G-Dent Nano Hybrid ZR Composite is a light-curing, bioinert and radiopaque nano-hybrid composite enriched with zirconium and barium glass fillers. It offers hig",gd-nhzr-a2,simple,GD-NHZR-A2,True,False
G-Dent Nano Hybrid ZR Composite 4g - A3,GD-NHZR-A3,"G-Dent Nano Hybrid ZR Composite is a light-curing, bioinert and radiopaque nano-hybrid composite enriched with zirconium and barium glass fillers. It offers high aesthetic, excellent polishability, color stability, superior strength and wear resistance.  Available in Vita Shades and it ensures seamless restorations with long-term durability. Indirect restorations such as inlays and onlays Core build-ups Highly resistant Excellent biocompatibility Fast and easy polishing High aesthetic and durable Long-lasting aesthetic results with shade stability Compatible with all conventional bonding agents",Chairside > Restorative Materials,G-Dent,"composite,nano-hybrid,restorative,dental",,,,100,,,G-Dent Nano Hybrid ZR Composite 4g - A3,"G-Dent Nano Hybrid ZR Composite is a light-curing, bioinert and radiopaque nano-hybrid composite enriched with zirconium and barium glass fillers. It offers hig",gd-nhzr-a3,simple,GD-NHZR-A3,True,False
G-Dent Nano Hybrid ZR Composite 4g - A3.5,GD-NHZR-A3.5,"G-Dent Nano Hybrid ZR Composite is a light-curing, bioinert and radiopaque nano-hybrid composite enriched with zirconium and barium glass fillers. It offers high aesthetic, excellent polishability, color stability, superior strength and wear resistance.  Available in Vita Shades and it ensures seamless restorations with long-term durability. Indirect restorations such as inlays and onlays Core build-ups Highly resistant Excellent biocompatibility Fast and easy polishing High aesthetic and durable Long-lasting aesthetic results with shade stability Compatible with all conventional bonding agents",Chairside > Restorative Materials,G-Dent,"composite,nano-hybrid,restorative,dental",,,,100,,,G-Dent Nano Hybrid ZR Composite 4g - A3.5,"G-Dent Nano Hybrid ZR Composite is a light-curing, bioinert and radiopaque nano-hybrid composite enriched with zirconium and barium glass fillers. It offers hig",gd-nhzr-a3.5,simple,GD-NHZR-A3.5,True,False
G-Dent Nano Hybrid ZR Composite 4g - A4,GD-NHZR-A4,"G-Dent Nano Hybrid ZR Composite is a light-curing, bioinert and radiopaque nano-hybrid composite enriched with zirconium and barium glass fillers. It offers high aesthetic, excellent polishability, color stability, superior strength and wear resistance.  Available in Vita Shades and it ensures seamless restorations with long-term durability. Indirect restorations such as inlays and onlays Core build-ups Highly resistant Excellent biocompatibility Fast and easy polishing High aesthetic and durable Long-lasting aesthetic results with shade stability Compatible with all conventional bonding agents",Chairside > Restorative Materials,G-Dent,"composite,nano-hybrid,restorative,dental",,,,100,,,G-Dent Nano Hybrid ZR Composite 4g - A4,"G-Dent Nano Hybrid ZR Composite is a light-curing, bioinert and radiopaque nano-hybrid composite enriched with zirconium and barium glass fillers. It offers hig",gd-nhzr-a4,simple,GD-NHZR-A4,True,False
G-Dent Nano Hybrid ZR Composite 4g - B1,GD-NHZR-B1,"G-Dent Nano Hybrid ZR Composite is a light-curing, bioinert and radiopaque nano-hybrid composite enriched with zirconium and barium glass fillers. It offers high aesthetic, excellent polishability, color stability, superior strength and wear resistance.  Available in Vita Shades and it ensures seamless restorations with long-term durability. Indirect restorations such as inlays and onlays Core build-ups Highly resistant Excellent biocompatibility Fast and easy polishing High aesthetic and durable Long-lasting aesthetic results with shade stability Compatible with all conventional bonding agents",Chairside > Restorative Materials,G-Dent,"composite,nano-hybrid,restorative,dental",,,,100,,,G-Dent Nano Hybrid ZR Composite 4g - B1,"G-Dent Nano Hybrid ZR Composite is a light-curing, bioinert and radiopaque nano-hybrid composite enriched with zirconium and barium glass fillers. It offers hig",gd-nhzr-b1,simple,GD-NHZR-B1,True,False
G-Dent Nano Hybrid ZR Composite 4g - B2,GD-NHZR-B2,"G-Dent Nano Hybrid ZR Composite is a light-curing, bioinert and radiopaque nano-hybrid composite enriched with zirconium and barium glass fillers. It offers high aesthetic, excellent polishability, color stability, superior strength and wear resistance.  Available in Vita Shades and it ensures seamless restorations with long-term durability. Indirect restorations such as inlays and onlays Core build-ups Highly resistant Excellent biocompatibility Fast and easy polishing High aesthetic and durable Long-lasting aesthetic results with shade stability Compatible with all conventional bonding agents",Chairside > Restorative Materials,G-Dent,"composite,nano-hybrid,restorative,dental",,,,100,,,G-Dent Nano Hybrid ZR Composite 4g - B2,"G-Dent Nano Hybrid ZR Composite is a light-curing, bioinert and radiopaque nano-hybrid composite enriched with zirconium and barium glass fillers. It offers hig",gd-nhzr-b2,simple,GD-NHZR-B2,True,False
G-Dent Nano Hybrid ZR Composite 4g - B3,GD-NHZR-B3,"G-Dent Nano Hybrid ZR Composite is a light-curing, bioinert and radiopaque nano-hybrid composite enriched with zirconium and barium glass fillers. It offers high aesthetic, excellent polishability, color stability, superior strength and wear resistance.  Available in Vita Shades and it ensures seamless restorations with long-term durability. Indirect restorations such as inlays and onlays Core build-ups Highly resistant Excellent biocompatibility Fast and easy polishing High aesthetic and durable Long-lasting aesthetic results with shade stability Compatible with all conventional bonding agents",Chairside > Restorative Materials,G-Dent,"composite,nano-hybrid,restorative,dental",,,,100,,,G-Dent Nano Hybrid ZR Composite 4g - B3,"G-Dent Nano Hybrid ZR Composite is a light-curing, bioinert and radiopaque nano-hybrid composite enriched with zirconium and barium glass fillers. It offers hig",gd-nhzr-b3,simple,GD-NHZR-B3,True,False
G-Dent Nano Hybrid ZR Composite 4g - C1,GD-NHZR-C1,"G-Dent Nano Hybrid ZR Composite is a light-curing, bioinert and radiopaque nano-hybrid composite enriched with zirconium and barium glass fillers. It offers high aesthetic, excellent polishability, color stability, superior strength and wear resistance.  Available in Vita Shades and it ensures seamless restorations with long-term durability. Indirect restorations such as inlays and onlays Core build-ups Highly resistant Excellent biocompatibility Fast and easy polishing High aesthetic and durable Long-lasting aesthetic results with shade stability Compatible with all conventional bonding agents",Chairside > Restorative Materials,G-Dent,"composite,nano-hybrid,restorative,dental",,,,100,,,G-Dent Nano Hybrid ZR Composite 4g - C1,"G-Dent Nano Hybrid ZR Composite is a light-curing, bioinert and radiopaque nano-hybrid composite enriched with zirconium and barium glass fillers. It offers hig",gd-nhzr-c1,simple,GD-NHZR-C1,True,False
G-Dent Nano Hybrid ZR Composite 4g - C2,GD-NHZR-C2,"G-Dent Nano Hybrid ZR Composite is a light-curing, bioinert and radiopaque nano-hybrid composite enriched with zirconium and barium glass fillers. It offers high aesthetic, excellent polishability, color stability, superior strength and wear resistance.  Available in Vita Shades and it ensures seamless restorations with long-term durability. Indirect restorations such as inlays and onlays Core build-ups Highly resistant Excellent biocompatibility Fast and easy polishing High aesthetic and durable Long-lasting aesthetic results with shade stability Compatible with all conventional bonding agents",Chairside > Restorative Materials,G-Dent,"composite,nano-hybrid,restorative,dental",,,,100,,,G-Dent Nano Hybrid ZR Composite 4g - C2,"G-Dent Nano Hybrid ZR Composite is a light-curing, bioinert and radiopaque nano-hybrid composite enriched with zirconium and barium glass fillers. It offers hig",gd-nhzr-c2,simple,GD-NHZR-C2,True,False
G-Dent Nano Hybrid ZR Composite 4g - D2,GD-NHZR-D2,"G-Dent Nano Hybrid ZR Composite is a light-curing, bioinert and radiopaque nano-hybrid composite enriched with zirconium and barium glass fillers. It offers high aesthetic, excellent polishability, color stability, superior strength and wear resistance.  Available in Vita Shades and it ensures seamless restorations with long-term durability. Indirect restorations such as inlays and onlays Core build-ups Highly resistant Excellent biocompatibility Fast and easy polishing High aesthetic and durable Long-lasting aesthetic results with shade stability Compatible with all conventional bonding agents",Chairside > Restorative Materials,G-Dent,"composite,nano-hybrid,restorative,dental",,,,100,,,G-Dent Nano Hybrid ZR Composite 4g - D2,"G-Dent Nano Hybrid ZR Composite is a light-curing, bioinert and radiopaque nano-hybrid composite enriched with zirconium and barium glass fillers. It offers hig",gd-nhzr-d2,simple,GD-NHZR-D2,True,False
G-Dent Nano Hybrid ZR Composite 4g - D3,GD-NHZR-D3,"G-Dent Nano Hybrid ZR Composite is a light-curing, bioinert and radiopaque nano-hybrid composite enriched with zirconium and barium glass fillers. It offers high aesthetic, excellent polishability, color stability, superior strength and wear resistance.  Available in Vita Shades and it ensures seamless restorations with long-term durability. Indirect restorations such as inlays and onlays Core build-ups Highly resistant Excellent biocompatibility Fast and easy polishing High aesthetic and durable Long-lasting aesthetic results with shade stability Compatible with all conventional bonding agents",Chairside > Restorative Materials,G-Dent,"composite,nano-hybrid,restorative,dental",,,,100,,,G-Dent Nano Hybrid ZR Composite 4g - D3,"G-Dent Nano Hybrid ZR Composite is a light-curing, bioinert and radiopaque nano-hybrid composite enriched with zirconium and barium glass fillers. It offers hig",gd-nhzr-d3,simple,GD-NHZR-D3,True,False
G-ZNO Zinc Oxide,G-ZNO-ZINC-OXIDE,G-ZNO Zinc Oxide Eugenol Cement is recommended to be used as a temporary filling material and as a primer filler under a permanent cement material. Primer filling under permanent cement material Heat insulator for flake protection in deep cavities Forms a firm consistency for easy application Strong enough to withstand masticatory forces for a limited time Easily removable before applying the final filling material Biologically compatible with pH 7 - 8,Chairside > Restorative Materials,G-ZNO,"zinc-oxide,eugenol,cement",,,,100,,,G-ZNO Zinc Oxide,G-ZNO Zinc Oxide Eugenol Cement is recommended to be used as a temporary filling material and as a primer filler under a permanent cement material. Primer filli,g-zno-zinc-oxide,simple,G-ZNO-ZINC-OXIDE,True,False
G-Dent Dual CEM,GDDC01:A2,"G-Dent Dual CEM is a dual-curing, bioinert and radiopaque cement formulated with metacrylate resins and silica/barium glass filler particles. It provides high strength, superior resistance and optimal bonding characteristics. The use of automix tips ensures a homogenous mixture for precise and direct applications.",Chairside > Restorative Materials,G-Dent,"resin-cement,dual-cure",,,,100,,,G-Dent Dual CEM,"G-Dent Dual CEM is a dual-curing, bioinert and radiopaque cement formulated with metacrylate resins and silica/barium glass filler particles. It provides high s",gddc01:a2,simple,GDDC01:A2,True,False
G-Dent Retraction Cord - Size #000,GDRC000,"G-Dent Retraction Cord is a non-sterile, 100% cotton cord, knitted into thousands of tiny loops to form long interlocking chains.
Its unique design ensures rapid tissue displacement while preventing entanglement in diamond burs.
Available in four sizes (#1, #0, #00, #000), each marked according to its thickness.

Size #000: For lower anteriors; subgingival veneer luting; Class III, IV and V restorations",Chairside > Accessories,G-Dent,"retraction-cord,cotton,dental,tissue-management",,,,100,,,G-Dent Retraction Cord - Size #000,"G-Dent Retraction Cord is a non-sterile, 100% cotton cord, knitted into thousands of tiny loops to form long interlocking chains.
Its unique design ensures rapi",gdrc000,simple,GDRC000,True,False
G-Dent Retraction Cord - Size #00,GDRC00,"G-Dent Retraction Cord is a non-sterile, 100% cotton cord, knitted into thousands of tiny loops to form long interlocking chains.
Its unique design ensures rapid tissue displacement while preventing entanglement in diamond burs.
Available in four sizes (#1, #0, #00, #000), each marked according to its thickness.

Size #00: For veneer preparation and cementation; restorative procedures",Chairside > Accessories,G-Dent,"retraction-cord,cotton,dental,tissue-management",,,,100,,,G-Dent Retraction Cord - Size #00,"G-Dent Retraction Cord is a non-sterile, 100% cotton cord, knitted into thousands of tiny loops to form long interlocking chains.
Its unique design ensures rapi",gdrc00,simple,GDRC00,True,False
G-Dent Retraction Cord - Size #0,GDRC0,"G-Dent Retraction Cord is a non-sterile, 100% cotton cord, knitted into thousands of tiny loops to form long interlocking chains.
Its unique design ensures rapid tissue displacement while preventing entanglement in diamond burs.
Available in four sizes (#1, #0, #00, #000), each marked according to its thickness.

Size #0: For anterior teeth; as an upper cord in the two-cord technique",Chairside > Accessories,G-Dent,"retraction-cord,cotton,dental,tissue-management",,,,100,,,G-Dent Retraction Cord - Size #0,"G-Dent Retraction Cord is a non-sterile, 100% cotton cord, knitted into thousands of tiny loops to form long interlocking chains.
Its unique design ensures rapi",gdrc0,simple,GDRC0,True,False
G-Dent Retraction Cord - Size #1,GDRC1,"G-Dent Retraction Cord is a non-sterile, 100% cotton cord, knitted into thousands of tiny loops to form long interlocking chains.
Its unique design ensures rapid tissue displacement while preventing entanglement in diamond burs.
Available in four sizes (#1, #0, #00, #000), each marked according to its thickness.

Size #1: For anterior tooth preparations",Chairside > Accessories,G-Dent,"retraction-cord,cotton,dental,tissue-management",,,,100,,,G-Dent Retraction Cord - Size #1,"G-Dent Retraction Cord is a non-sterile, 100% cotton cord, knitted into thousands of tiny loops to form long interlocking chains.
Its unique design ensures rapi",gdrc1,simple,GDRC1,True,False
G-Dent Gingiva Barrier,GD-GINGIVA-BARRIER,"G-Dent Gingival Barrier is a light-cured, resin-based gingival barrier. It is used to protect soft tissues during whitening treatments and other procedures, as well as for Rubber Dam applications.  With its turquoise color, it is easy to apply and user-friendly.",Chairside > Accessories,G-Dent,"gingiva-barrier,light-curing,whitening",,,,100,,,G-Dent Gingiva Barrier,"G-Dent Gingival Barrier is a light-cured, resin-based gingival barrier. It is used to protect soft tissues during whitening treatments and other procedures, as ",gd-gingiva-barrier,simple,GD-GINGIVA-BARRIER,True,False
G-Dent Prophylaxis Powder,GDPP400,"Enhance the power of your treatments with a specially formulated powder designed for gentle and effective cleaning. It ensures through cleaning with soft impacts while minimizing the risk of damage to tooth surfaces and tissues, providing safe usage. Its unique particle structure helps prevent clogging in devices.",Chairside > Hygiene & Prophylaxis,G-Dent,"prophylaxis,powder,cleaning",,,,100,,,G-Dent Prophylaxis Powder,Enhance the power of your treatments with a specially formulated powder designed for gentle and effective cleaning. It ensures through cleaning with soft impact,gdpp400,simple,GDPP400,True,False
G-Dent Prophy Paste,GDPP,"G-Dent Prophy Paste is an oil-free paste formulated for effective tooth cleaning and polishing.  It is designed to efficiently remove plaque, debris, stains and calculus while preparing the tooth surface for restorative procedures and fluoride treatments.",Chairside > Hygiene & Prophylaxis,G-Dent,"prophy-paste,polishing,cleaning",,,,100,,,G-Dent Prophy Paste,"G-Dent Prophy Paste is an oil-free paste formulated for effective tooth cleaning and polishing.  It is designed to efficiently remove plaque, debris, stains and",gdpp,simple,GDPP,True,False
GSMedex SD-Speedx,1025-8,Speedx films ensure that images are readily avilable daylight allowing professionals to streamline processes. The monobath single-step solution for rapid developing and fixing is our excellence with outstanding performances. Speedx is a great solution for intraoral imaging needs. BICUSPIDS CUSPIDS INCISORS BICUSPIDS CUSPIDS INCISORS,Chairside > Diagnostics,GSMedex,"x-ray,film,dental-imaging",,,,100,,,GSMedex SD-Speedx,Speedx films ensure that images are readily avilable daylight allowing professionals to streamline processes. The monobath single-step solution for rapid develo,1025-8,simple,1025-8,True,False
